KAAA, 40.15847225, -89.3349722, 597.11
KAAF, 29.72754747, -85.02744734, 20.01
KAAO, 37.74758343, -97.22111106, 1420.93
KAAS, 37.35827789, -85.3094168, 920.93
KAAT, 41.48300003, -120.5653614, 4374.02
KABE, 40.65236382, -75.44040263, 394.03
KABI, 32.4113192, -99.68189701, 1791.01
KABQ, 35.04022233, -106.6091944, 5354.99
KABR, 45.44905577, -98.42183322, 1301.84
KABY, 31.53551392, -84.19447213, 196.85
KACB, 44.98857513, -85.19835547, 623.03
KACJ, 32.11079747, -84.1888471, 471.13
KACK, 41.25305291, -70.06018058, 47.90
KACQ, 44.07346409, -93.55294436, 1125.98
KACT, 31.61128867, -97.23051935, 516.08
KACV, 40.97811677, -124.1086194, 217.85
KACY, 39.45758354, -74.57716674, 75.13
KACZ, 34.71789189, -78.00362527, 39.04
KADC, 46.45026941, -95.21095544, 1369.09
KADG, 41.86943628, -84.07480538, 797.90
KADH, 34.80434183, -96.67127788, 1016.08
KADM, 34.30320561, -97.01952204, 762.14
KADS, 32.96855852, -96.83644742, 644.03
KADT, 39.84013896, -101.0420278, 2991.14
KADU, 41.7013751, -94.9205415, 1287.07
KADW, 38.81083354, -76.86699987, 279.86
KAE, 56.97635595, -133.9642757, 0.00
KAEG, 35.14515571, -106.7951694, 5836.94
KAEL, 43.68152797, -93.36723626, 1258.86
KAEX, 31.32737216, -92.54855543, 88.91
KAFF, 38.96971386, -104.8130335, 6571.85
KAFJ, 40.13648886, -80.29019997, 1184.06
KAFK, 40.60688898, -95.86569428, 1162.07
KAFN, 42.80513898, -72.00302482, 1040.03
KAFO, 42.71124724, -110.9421641, 6201.12
KAFP, 35.02063885, -80.07712215, 297.90
KAFW, 32.98763908, -97.31880561, 722.11
KAGC, 40.35438884, -79.9301666, 1251.97
KAGO, 33.22801966, -93.2169722, 316.93
KAGS, 33.36994439, -81.9645001, 145.01
KAGZ, 43.06332775, -98.29618871, 1475.07
KAHC, 40.26616395, -120.1526222, 4007.87
KAHH, 45.28114714, -92.37539157, 1087.93
KAHN, 33.94859444, -83.32634702, 808.07
KAHQ, 41.24133334, -96.59402803, 1224.08
KAIA, 42.05322493, -102.8037693, 3929.13
KAID, 40.10862239, -85.61299458, 918.96
KAIG, 45.15420288, -89.11071673, 1521.00
KAIK, 33.64937794, -81.68503627, 528.87
KAIO, 41.40726686, -95.04690573, 1182.09
KAIT, 46.54842217, -93.67679983, 1205.05
KAIV, 33.10646664, -88.19779158, 149.93
KAIY, 39.36002791, -74.45608333, 7.87
KAIZ, 38.09603624, -92.54948616, 869.09
KAJG, 38.60654745, -87.72669464, 429.13
KAJO, 33.89765292, -117.6024391, 533.14
KAJR, 34.50081937, -83.55486944, 1448.16
KAKH, 35.20265825, -81.14986673, 796.92
KAKO, 40.17563336, -103.222028, 4713.91
KAKQ, 36.98720567, -77.00112775, 112.86
KAKR, 41.0375002, -81.46693915, 1066.93
KAL, 64.32571963, -158.7441471, 176.84
KALB, 42.74826676, -73.80169183, 285.10
KALI, 27.74088889, -98.02694455, 178.15
KALM, 32.83994459, -105.9905836, 4200.13
KALN, 38.89029734, -90.04604995, 543.96
KALO, 42.55708057, -92.40034461, 873.03
KALS, 37.43491665, -105.8665556, 7539.04
KALW, 46.0948918, -118.2878749, 1190.94
KALX, 32.91475274, -85.9629558, 686.02
KAMA, 35.21936942, -101.7059304, 3606.96
KAMG, 31.53605539, -82.50655577, 200.13
KAMN, 43.3221418, -84.68794987, 753.94
KAMT, 38.85147505, -83.56626123, 896.00
KAMW, 41.99204441, -93.62182215, 955.05
KANB, 33.58816691, -85.85811093, 611.88
KAND, 34.49494466, -82.70902768, 782.15
KANE, 45.14500022, -93.21138874, 912.07
KANJ, 46.47920843, -84.36841115, 715.88
KANP, 38.94287769, -76.56839982, 34.12
KANQ, 41.63969737, -85.08349434, 995.08
KANW, 42.57922221, -99.99297246, 2588.91
KANY, 37.15852238, -98.07964727, 1339.90
KAOC, 43.60353604, -113.3342613, 5332.02
KAOH, 40.70694443, -84.02666688, 975.07
KAOO, 40.29638339, -78.32001373, 1503.94
KAOV, 36.97188623, -92.68194705, 1311.02
KAPA, 39.57012769, -104.8492943, 5882.87
KAPC, 38.21319446, -122.2806944, 35.10
KAPF, 26.15276936, -81.77512765, 7.87
KAPG, 39.46622226, -76.16884187, 58.07
KAPN, 45.0780667, -83.56031388, 688.98
KAPT, 35.06067786, -85.58531687, 641.08
KAPV, 34.57533348, -117.1861942, 3062.01
KAQO, 30.78450277, -98.66024986, 1102.03
KAQP, 45.22752777, -96.0043332, 1021.00
KAQR, 34.39833887, -96.14806116, 589.90
KAQW, 42.69591406, -73.17038342, 653.87
KARA, 30.03775835, -91.88389733, 23.95
KARB, 42.22298328, -83.74560848, 838.91
KARG, 36.12534721, -90.92461959, 272.97
KARM, 29.25427772, -96.15438893, 100.07
KARR, 41.77193061, -88.4756586, 711.94
KART, 43.99192225, -76.0217388, 325.13
KARV, 45.92792496, -89.7309418, 1629.92
KASD, 30.34505568, -89.8207891, 27.89
KASE, 39.22316685, -106.8688613, 7819.88
KASG, 36.17638897, -94.11924988, 1353.02
KASH, 42.78175011, -71.51477784, 200.13
KASJ, 36.29752491, -77.1708557, 67.91
KASL, 32.52049986, -94.30777788, 356.96
KASN, 33.56991682, -86.05085582, 527.89
KAST, 46.15797233, -123.8786946, 15.09
KASW, 41.27470002, -85.84005565, 850.07
KASX, 46.54852778, -90.91896638, 826.12
KASY, 46.02386389, -99.35261384, 2032.15
KATA, 33.10180564, -94.19532761, 279.86
KATL, 33.6404445, -84.42694455, 1025.92
KATS, 32.85252783, -104.4676861, 3541.01
KATT, 30.29862497, -97.70167217, 631.89
KATW, 44.2580973, -88.51906925, 917.98
KATY, 44.91398055, -97.15471968, 1748.03
KAUG, 44.32063904, -69.79730532, 352.03
KAUH, 40.89413881, -97.99455553, 1804.13
KAUM, 43.66499182, -92.93338582, 1232.94
KAUN, 38.95481955, -121.0817251, 1536.09
KAUO, 32.61511948, -85.4340139, 776.90
KAUS, 30.19452777, -97.66988888, 541.99
KAUW, 44.92615577, -89.62663606, 1201.12
KAVC, 36.68827783, -78.05447236, 441.93
KAVK, 36.77316941, -98.66994694, 1474.08
KAVL, 35.4361945, -82.54180536, 2165.03
KAVO, 27.59116665, -81.52783334, 155.84
KAVP, 41.33847792, -75.72340295, 961.94
KAVQ, 32.40955565, -111.2183891, 2030.84
KAVX, 33.40494454, -118.415861, 1602.03
KAWG, 41.27610013, -91.67344451, 753.94
KAWM, 35.13505854, -90.23444742, 211.94
KAWO, 48.16074729, -122.1590222, 137.14
KAXA, 43.07791125, -94.27199185, 1219.16
KAXH, 29.50613882, -95.47691658, 67.91
KAXN, 45.8662945, -95.39467782, 1423.88
KAXQ, 41.22581106, -79.4409889, 1458.01
KAXS, 34.6987835, -99.33809996, 1433.07
KAXV, 40.49338896, -84.29894462, 912.07
KAXX, 36.42200019, -105.2899057, 8379.92
KAYS, 31.2490778, -82.39549175, 142.06
KAYX, 35.39257776, -86.0858193, 1064.96
KAZC, 36.95994437, -113.0138889, 4874.02
KAZE, 31.88465539, -82.64738873, 254.92
KAZO, 42.23487519, -85.55205837, 874.02
KBAB, 39.13616672, -121.4365, 112.86
KBAD, 32.50193059, -93.66261408, 166.01
KBAF, 42.1577305, -72.71561936, 271.00
KBAK, 39.26191673, -85.89633331, 655.84
KBAM, 40.59904721, -116.874336, 4532.15
KBAX, 43.78023628, -82.98542485, 766.08
KBAZ, 29.70449992, -98.04222241, 650.92
KBBB, 45.33193342, -95.65056369, 1039.04
KBBD, 31.1781669, -99.32463884, 1827.10
KBBP, 34.62170854, -79.73435819, 146.98
KBBW, 41.43644996, -99.64216948, 2546.92
KBCB, 37.20763899, -80.40783316, 2131.89
KBCE, 37.70644438, -112.1450557, 7589.90
KBCK, 44.25073899, -90.85528046, 835.96
KBCT, 26.37849167, -80.10769174, 13.12
KBDE, 48.72844454, -94.61222202, 1085.96
KBDG, 37.58302789, -109.4832891, 5865.16
KBDJ, 46.13745008, -89.64598328, 1665.03
KBDL, 41.93888906, -72.68322229, 172.90
KBDQ, 35.13619445, -92.71349698, 320.87
KBDR, 41.16347216, -73.12616676, 8.86
KBDX, 45.43332495, -105.417214, 3034.12
KBE, 55.92907805, -131.5716907, 0.00
KBEC, 37.69447502, -97.21498892, 1408.14
KBED, 42.4699527, -71.28903061, 132.87
KBEH, 42.12859467, -86.42852202, 643.04
KBFA, 45.16583327, -84.92405579, 719.16
KBFD, 41.80305563, -78.64011124, 2143.04
KBFE, 33.17314468, -102.1929221, 3264.11
KBFF, 41.87402789, -103.5956392, 3966.86
KBFI, 47.52998896, -122.3019554, 18.04
KBFK, 36.8633027, -99.61873055, 1821.85
KBFL, 35.43359745, -119.0567695, 506.89
KBFM, 30.62646937, -88.06799993, 25.92
KBFR, 38.84002235, -86.44535288, 728.02
KBFW, 47.2490279, -91.41558319, 1088.91
KBGD, 35.70004173, -101.394053, 3055.12
KBGE, 30.97152785, -84.63744432, 142.06
KBGF, 35.17752796, -86.06617793, 979.00
KBGM, 42.20868912, -75.97983867, 1636.15
KBGR, 44.80744455, -68.82813871, 191.93
KBHB, 44.44969453, -68.36150006, 83.01
KBHC, 31.71383321, -82.39377782, 201.12
KBHK, 46.34763602, -104.2594475, 2973.10
KBHM, 33.56294442, -86.75354987, 644.03
KBID, 41.16811104, -71.57783344, 107.94
KBIE, 40.30127775, -96.7541112, 1324.15
KBIF, 31.84950002, -106.3800001, 3945.87
KBIH, 37.37309441, -118.3636084, 4120.08
KBIL, 45.80766678, -108.5428888, 3651.90
KBIS, 46.77273329, -100.7457389, 1661.09
KBIV, 42.74316385, -86.10503912, 687.99
KBIX, 30.41108128, -88.92353654, 34.12
KBJC, 39.90878608, -105.1172166, 5669.95
KBJI, 47.50942513, -94.93372232, 1390.09
KBJJ, 40.87480579, -81.88824982, 1134.84
KBKD, 32.71904737, -98.8910003, 1284.12
KBKE, 44.83733341, -117.8090832, 3373.03
KBKF, 39.70166657, -104.7516668, 5662.07
KBKL, 41.51749995, -81.68333352, 583.01
KBKS, 27.20683325, -98.12117234, 111.88
KBKT, 37.07394462, -77.95249164, 438.98
KBKV, 28.47361106, -82.45541677, 77.10
KBKW, 37.78732773, -81.12416402, 2503.94
KBKX, 44.30482775, -96.81693882, 1647.97
KBLF, 37.29579449, -81.20769158, 2856.96
KBLH, 33.61916386, -114.7168779, 396.98
KBLI, 48.79275017, -122.537528, 169.95
KBLM, 40.18691942, -74.12488595, 159.12
KBLU, 39.27497238, -120.7097501, 5284.12
KBLV, 38.54517784, -89.83518317, 458.99
KBMC, 41.55238912, -112.0622224, 4229.00
KBMG, 39.14602216, -86.61668345, 846.13
KBMI, 40.47798604, -88.91595259, 871.06
KBML, 44.57537245, -71.1759308, 1161.09
KBMQ, 30.73892769, -98.23861107, 1284.12
KBMT, 30.07068615, -94.2158474, 32.15
KBNA, 36.12447783, -86.67818338, 599.08
KBNG, 33.92307222, -116.8505748, 2219.16
KBNL, 33.25777777, -81.38833344, 246.06
KBNO, 43.59190833, -118.9554361, 4147.97
KBNW, 42.04956941, -93.84760022, 1160.10
KBOI, 43.56436104, -116.222861, 2871.06
KBOK, 42.07455553, -124.2900945, 458.99
KBOS, 42.36434743, -71.00518897, 19.03
KBOW, 27.94336114, -81.78343043, 125.00
KBPG, 32.2126111, -101.5216389, 2573.16
KBPI, 42.58506943, -110.1111527, 6990.16
KBPK, 36.36894174, -92.47052774, 928.15
KBPP, 46.18699182, -103.4280807, 2958.01
KBPT, 29.95083332, -94.02069435, 15.09
KBQK, 31.25880852, -81.46649703, 25.92
KBRD, 46.39830831, -94.13807496, 1226.05
KBRL, 40.78322511, -91.12550542, 698.16
KBRO, 25.90683326, -97.42586106, 21.98
KBRY, 37.81432215, -85.49963906, 668.96
KBST, 44.40966658, -69.01225001, 194.88
KBTF, 40.86938907, -111.9271611, 4233.92
KBTL, 42.30727773, -85.25148064, 952.10
KBTM, 45.95479466, -112.4974613, 5549.87
KBTN, 45.81513338, -97.74310559, 1317.91
KBTP, 40.77692494, -79.94972482, 1248.03
KBTR, 30.53316671, -91.14963904, 69.88
KBTV, 44.47186131, -73.15327764, 334.97
KBTY, 36.86105836, -116.7870028, 3169.95
KBUB, 41.77669454, -99.14974988, 2182.09
KBUF, 42.94052515, -78.73216689, 724.08
KBUM, 38.2897722, -94.34011683, 892.06
KBUR, 34.2006195, -118.3584975, 777.89
KBUU, 42.69072231, -88.30463871, 778.87
KBUY, 36.0485445, -79.47488889, 617.13
KBVI, 40.77248052, -80.39142475, 1252.95
KBVN, 41.72857773, -98.05576131, 1807.09
KBVO, 36.76247511, -96.01115271, 712.93
KBVS, 48.47088911, -122.4208613, 144.03
KBVX, 35.72618891, -91.64722234, 463.91
KBVY, 42.58416686, -70.91652766, 106.96
KBWC, 32.99293913, -115.5168776, -127.95
KBWD, 31.79362223, -98.95649448, 1387.14
KBWG, 36.96452793, -86.41966671, 546.92
KBWI, 39.17536117, -76.66833356, 146.00
KBWP, 46.24410845, -96.60736129, 966.86
KBXA, 30.81368621, -89.86496374, 119.09
KBXG, 33.04093055, -82.00398043, 301.84
KBXK, 33.42041686, -112.6861806, 1033.14
KBYG, 44.38108631, -106.7217891, 4967.85
KBYH, 35.96435297, -89.94345009, 253.94
KBYI, 42.54260268, -113.7715445, 4149.93
KBYY, 28.97325531, -95.86345553, 44.95
KBZN, 45.7774641, -111.1529808, 4471.13
KCAD, 44.27531406, -85.41894168, 1307.09
KCAE, 33.93883891, -81.11953899, 235.89
KCAG, 40.49522225, -107.5216475, 6192.91
KCAK, 40.91631129, -81.44246668, 1228.02
KCAO, 36.44518051, -103.1502306, 4964.90
KCAR, 46.87149994, -68.01791668, 620.08
KCAV, 42.74194446, -93.75890806, 1162.07
KCBE, 39.61541679, -78.76086384, 774.93
KCBF, 41.25946105, -95.7598722, 1252.95
KCBG, 45.55958893, -93.26512232, 944.88
KCBK, 39.42753073, -101.0465723, 3186.02
KCBM, 33.64516955, -88.44591111, 219.16
KCC, 56.00324448, -132.8419688, 0.00
KCCB, 34.11154166, -117.6875889, 1438.98
KCCO, 33.3115641, -84.76975545, 970.14
KCCR, 37.98966687, -122.0568886, 25.92
KCCY, 43.07261121, -92.61076927, 1125.00
KCDC, 37.70096663, -113.098847, 5622.05
KCDH, 33.62279993, -92.76339456, 129.92
KCDI, 39.97503899, -81.57758609, 798.88
KCDK, 29.13774446, -83.04984435, 6.89
KCDN, 34.28358357, -80.5648613, 301.84
KCDR, 42.83755548, -103.0954166, 3296.92
KCDS, 34.43378057, -100.2879918, 1954.07
KCDW, 40.8752222, -74.28135529, 172.90
KCEA, 37.64859717, -97.25059971, 1377.95
KCEC, 41.78016935, -124.2365277, 57.09
KCEF, 42.19401408, -72.53478348, 241.14
KCEK, 40.61791688, -96.92488879, 1499.02
KCEU, 34.67191681, -82.88681656, 892.06
KCEV, 39.69849452, -85.12969717, 867.13
KCEW, 30.77883326, -86.522111, 212.93
KCEY, 36.66458353, -88.37277487, 576.12
KCEZ, 37.30299991, -108.6280668, 5917.98
KCFD, 30.71569439, -96.33136109, 367.13
KCFE, 45.15904728, -93.84330288, 966.86
KCFJ, 39.97562774, -86.91986382, 798.88
KCFT, 32.95284446, -109.2103444, 3811.02
KCFV, 37.09404744, -95.5718945, 753.94
KCG, 56.31782871, -158.5909255, 24.93
KCGC, 28.86834204, -82.57421672, 8.86
KCGE, 38.53932492, -76.0304001, 19.03
KCGF, 41.56512491, -81.48635298, 878.94
KCGI, 37.22531676, -89.57075268, 341.86
KCGS, 38.98058351, -76.92230567, 47.90
KCGZ, 32.95488898, -111.7668334, 1463.91
KCHA, 35.03526963, -85.20378873, 682.09
KCHD, 33.26908328, -111.811139, 1243.11
KCHK, 35.09735573, -97.96769187, 1149.93
KCHN, 27.5136498, -81.88063905, 107.94
KCHO, 38.13863911, -78.45286086, 639.11
KCHQ, 36.84213605, -89.35965836, 312.99
KCHS, 32.89864741, -80.04052788, 44.95
KCHT, 39.78216671, -93.4956944, 783.14
KCHU, 43.59635845, -91.50394723, 1179.13
KCIC, 39.79538329, -121.8584222, 237.86
KCID, 41.88469436, -91.71080545, 869.09
KCII, 47.82834716, -112.1683359, 3946.85
KCIN, 42.04619452, -94.78899971, 1204.07
KCIR, 37.0644724, -89.21961129, 320.87
KCIU, 46.25075296, -84.47238609, 799.87
KCJJ, 43.36530291, -92.13308305, 1278.87
KCJR, 38.52670848, -77.85885572, 315.94
KCKA, 36.75000016, -98.11666668, 1202.10
KCKB, 39.29663893, -80.22808313, 1216.86
KCKC, 47.83833336, -90.38294435, 1798.88
KCKF, 31.9888334, -83.77391651, 309.06
KCKI, 33.7172224, -79.85697225, 66.93
KCKM, 34.29971941, -90.51232204, 172.90
KCKN, 47.8416945, -96.62161946, 898.95
KCKP, 42.73169439, -95.55595011, 1226.05
KCKV, 36.62188076, -87.41495267, 549.87
KCL, 56.31116409, -158.5359277, 49.87
KCLE, 41.41089454, -81.84939712, 791.01
KCLI, 44.61381387, -88.73126686, 821.85
KCLK, 35.53825557, -98.93268898, 1615.16
KCLL, 30.58858316, -96.36383325, 320.87
KCLM, 48.12019464, -123.4996945, 291.01
KCLR, 33.1313334, -115.5213887, -182.09
KCLS, 46.67703074, -122.982747, 173.88
KCLT, 35.21401104, -80.94312519, 748.03
KCLW, 27.97668625, -82.75874153, 70.87
KCMA, 34.21375562, -119.094328, 75.13
KCMH, 39.99797221, -82.89188862, 814.96
KCMI, 40.03925007, -88.27805534, 753.94
KCMX, 47.16841679, -88.48906115, 1095.14
KCMY, 43.95834737, -90.73789716, 836.94
KCN, 53.39911457, -167.5519001, 0.00
KCNC, 41.01962496, -93.35968047, 1049.87
KCNH, 43.3704333, -72.36867786, 544.95
KCNK, 39.54925273, -97.65231684, 1485.89
KCNM, 32.33747229, -104.2632777, 3294.95
KCNO, 33.97469468, -117.6366109, 651.90
KCNP, 41.07747216, -102.4640554, 3682.09
KCNU, 37.66879723, -95.48506379, 1001.97
KCNW, 31.63783047, -97.07413897, 470.14
KCNY, 38.75495575, -109.7548445, 4555.12
KCOD, 44.52019438, -109.0237972, 5102.03
KCOE, 47.7742916, -116.8196221, 2317.91
KCOF, 28.23945556, -80.60755268, 7.87
KCOI, 28.34158871, -80.68549722, 6.89
KCOM, 31.8411389, -99.40361112, 1696.85
KCON, 43.20273355, -71.50228635, 346.13
KCOQ, 46.7011334, -92.50360563, 1278.87
KCOS, 38.80580574, -104.7002502, 6184.06
KCOT, 28.45825542, -99.22016412, 476.05
KCOU, 38.81797224, -92.21958339, 889.11
KCPC, 34.27287217, -78.71499181, 98.10
KCPK, 36.66561954, -76.32066384, 20.01
KCPM, 33.89001668, -118.2436833, 97.11
KCPR, 42.90797219, -106.464403, 5347.11
KCPS, 38.57071683, -90.15622214, 413.06
KCPT, 32.35376403, -97.43374988, 854.00
KCPU, 38.14611677, -120.6481723, 1325.13
KCQA, 40.48408337, -84.56011131, 894.03
KCQB, 35.72381683, -96.82027236, 983.92
KCQM, 47.82191958, -92.68942505, 1327.10
KCQX, 41.68838885, -69.98951644, 67.91
KCR, 63.567723, -155.9890437, 859.91
KCRE, 33.81175015, -78.72394458, 32.15
KCRG, 30.33633348, -81.5144442, 41.01
KCRO, 36.10245019, -119.5948474, 196.85
KCRP, 27.77036101, -97.50122219, 43.96
KCRQ, 33.1282502, -117.2800832, 331.04
KCRS, 32.02806942, -96.40057772, 449.15
KCRT, 33.17833342, -91.88018873, 184.06
KCRW, 38.37314732, -81.59318894, 980.97
KCRX, 34.91496686, -88.60348329, 424.87
KCRZ, 40.9941252, -94.75503042, 1273.95
KCSB, 40.30658349, -100.1620835, 2414.04
KCSG, 32.51633339, -84.93886113, 396.98
KCSM, 35.33983883, -99.20049995, 1921.92
KCSQ, 41.0214445, -94.36330542, 1299.87
KCSV, 35.95129162, -85.0849776, 1880.91
KCTB, 48.60836104, -112.3761387, 3854.00
KCTJ, 33.63102794, -85.15202791, 1161.09
KCTK, 40.56909464, -90.074839, 684.06
KCTY, 29.63552792, -83.10475007, 41.99
KCTZ, 34.97561127, -78.36461663, 147.97
KCUB, 33.97047222, -80.9952499, 192.91
KCUH, 35.94992504, -96.77305251, 916.01
KCUL, 38.08948059, -88.12306121, 388.12
KCUT, 43.73331673, -103.6176945, 5602.03
KCVG, 39.04614173, -84.66217205, 896.00
KCVK, 36.26487237, -91.56264156, 715.88
KCVN, 34.42513883, -103.0792777, 4215.88
KCVO, 44.49719444, -123.2898304, 246.06
KCVS, 34.38285548, -103.322175, 4294.95
KCVX, 45.30477773, -85.27533308, 668.96
KCWA, 44.77761939, -89.66678068, 1276.90
KCWF, 30.21059185, -93.1431891, 17.06
KCWI, 41.8311112, -90.32913879, 708.01
KCWS, 35.08080851, -92.42496103, 314.96
KCWV, 32.19505537, -81.86955571, 111.88
KCXE, 36.7883363, -78.50155279, 502.95
KCXL, 32.66950294, -115.5133277, 3.94
KCXO, 30.35183329, -95.41446671, 245.08
KCXP, 39.19222221, -119.7344443, 4696.85
KCXU, 31.2129166, -84.23680544, 174.87
KCXY, 40.21713886, -76.85147211, 347.11
KCYO, 39.51600574, -82.98215255, 685.04
KCYS, 41.15572225, -104.811839, 6155.84
KCYW, 39.38713633, -97.15721682, 1208.01
KCZD, 40.86911112, -100.0042221, 2501.97
KCZG, 42.07853627, -76.09633327, 833.01
KCZK, 45.67694463, -121.8788888, 150.92
KCZL, 34.4586641, -84.93997783, 642.06
KCZT, 28.52224991, -99.82363343, 599.08
KDAA, 38.71528052, -77.18139723, 74.15
KDAB, 29.17991649, -81.05805561, 34.12
KDAF, 44.03343882, -90.08513063, 918.96
KDAG, 34.85371392, -116.786689, 1926.84
KDAL, 32.84711111, -96.85177758, 486.88
KDAN, 36.57286104, -79.33611095, 570.87
KDAW, 43.28405578, -70.92925564, 321.85
KDAY, 39.90237493, -84.2193751, 1008.86
KDBN, 32.56445825, -82.98525542, 310.04
KDBQ, 42.40198888, -90.70948586, 1077.10
KDCA, 38.85208357, -77.03772202, 15.09
KDCR, 40.83754722, -84.86246377, 841.86
KDCU, 34.65264715, -86.94536671, 591.86
KDCY, 38.70043617, -87.12973326, 473.10
KDDC, 37.76466105, -99.96675566, 2594.16
KDDH, 42.89133344, -73.2464169, 827.10
KDEC, 39.83456399, -88.86568889, 682.09
KDED, 29.06698041, -81.28394187, 80.05
KDEH, 43.27550288, -91.739375, 1157.15
KDEN, 39.86165565, -104.6731777, 5431.10
KDEQ, 34.04699463, -94.39936683, 354.99
KDET, 42.40919463, -83.00986111, 625.98
KDEW, 47.96663884, -117.4266668, 2209.97
KDFI, 41.33749992, -84.42880556, 708.01
KDFW, 32.89682787, -97.0379971, 606.96
KDGL, 31.34260275, -109.5033458, 4172.90
KDGW, 42.79717516, -105.3858277, 4932.09
KDHN, 31.32133886, -85.44962794, 400.92
KDHT, 36.02342796, -102.5472084, 3991.14
KDIK, 46.79738883, -102.801953, 2591.86
KDK, 57.80591659, -152.3738417, 139.11
KDKB, 41.93372212, -88.70571122, 915.03
KDKK, 42.4933362, -79.27204192, 692.91
KDKX, 35.9638333, -83.87365267, 833.01
KDLC, 34.44905575, -79.36858311, 132.87
KDLF, 29.3597861, -100.7775915, 1081.04
KDLH, 46.84208885, -92.19364733, 1428.15
KDLL, 43.52195296, -89.77090269, 976.05
KDLN, 45.25536105, -112.5525056, 5241.14
KDLO, 35.74558061, -119.2365029, 313.98
KDLS, 45.61855562, -121.1673336, 247.05
KDLZ, 40.27970273, -83.11480299, 944.88
KDMA, 32.16650024, -110.8831666, 2704.07
KDMN, 32.26230539, -107.7206388, 4313.98
KDMO, 38.70740555, -93.17590848, 909.12
KDMW, 39.60827775, -77.00766653, 789.04
KDNL, 33.46650291, -82.03938067, 422.90
KDNN, 34.72174723, -84.8691085, 709.97
KDNS, 41.98643357, -95.38071916, 1275.92
KDNV, 40.19920293, -87.59589717, 695.87
KDOV, 39.12950009, -75.46599984, 27.89
KDP, -5.878721215, 143.5274152, 7728.02
KDPA, 41.90777779, -88.24861094, 757.87
KDPG, 40.19938633, -112.9374692, 4348.10
KDPL, 35.00006396, -77.98169464, 137.14
KDQH, 31.47669978, -82.86053047, 256.89
KDR, -6.198633313, 149.5483334, 368.11
KDRI, 30.83172239, -93.33991662, 202.10
KDRO, 37.15151679, -107.7537695, 6685.04
KDRT, 29.37283337, -100.9258474, 999.02
KDSM, 41.53414171, -93.66260022, 957.02
KDSV, 42.57089999, -77.71304995, 662.07
KDTA, 39.38063901, -112.507714, 4758.86
KDTG, 41.13331106, -88.44075546, 631.89
KDTL, 46.82516679, -95.88556945, 1396.00
KDTN, 32.54021946, -93.74502227, 179.13
KDTO, 33.20072215, -97.1979779, 642.06
KDTS, 30.40006109, -86.4714776, 22.97
KDTW, 42.21243046, -83.35339174, 646.00
KDUA, 33.9422641, -96.39451951, 698.16
KDUC, 34.47087519, -97.95986116, 1112.86
KDUG, 31.469028, -109.6036667, 4153.87
KDUH, 41.73587769, -83.65541115, 668.96
KDUJ, 41.17826689, -78.8986972, 1816.93
KDUX, 35.85793063, -102.0130889, 3705.05
KDVK, 37.57791661, -84.76969466, 1021.98
KDVL, 48.11424449, -98.90877798, 1455.05
KDVN, 41.61027521, -90.58832511, 752.95
KDVO, 38.14361125, -122.5561, 1.97
KDVT, 33.6883169, -112.0825611, 1478.02
KDWH, 30.06186102, -95.5527775, 151.90
KDWU, 38.55450019, -82.73800001, 545.93
KDXE, 36.77746967, -89.941172, 305.12
KDXR, 41.37153614, -73.48219156, 458.01
KDXX, 44.98623893, -96.17773622, 1082.02
KDYB, 33.06344468, -80.27933344, 56.10
KDYL, 40.33305019, -75.12233868, 394.03
KDYR, 35.99797782, -89.40658897, 337.93
KDYS, 32.42075555, -99.85459998, 1789.04
KDYT, 46.72185548, -92.04343915, 609.91
KEAG, 42.70980556, -93.91611368, 1132.87
KEAN, 42.05551118, -104.9286166, 4773.95
KEAR, 40.7270278, -99.00677785, 2130.91
KEAT, 47.39886113, -120.2068613, 1249.02
KEAU, 44.86580573, -91.48425534, 913.06
KEB, 59.35214739, -151.9251555, 26.90
KEBG, 26.44166675, -98.12222198, 75.13
KEBS, 42.436639, -93.8688612, 1121.06
KECG, 36.26057513, -76.17459744, 12.14
KECS, 43.88544995, -104.3179196, 4173.88
KECU, 29.94691931, -100.1738557, 2372.05
KEDE, 36.02773625, -76.56709448, 20.01
KEDG, 39.39156666, -76.29109159, 29.86
KEDJ, 40.37231404, -83.81901652, 1123.03
KEDN, 31.29972227, -85.89986131, 369.09
KEDW, 34.9055, -117.8836776, 2301.84
KEED, 34.76619445, -114.6232943, 982.94
KEEN, 42.89840005, -72.27078036, 487.86
KEEO, 40.04880007, -107.8859197, 6420.93
KEET, 33.17703892, -86.78282797, 586.94
KEFC, 44.73420851, -103.8619919, 3189.96
KEFD, 29.60733321, -95.15874982, 32.15
KEFK, 44.88879729, -72.22915828, 930.12
KEFT, 42.61489995, -89.59040254, 1085.96
KEFW, 42.01016676, -94.34258312, 1047.90
KEGE, 39.64256946, -106.9177084, 6535.10
KEGI, 30.65033332, -86.52283341, 190.94
KEGQ, 43.10201962, -94.70467508, 1205.05
KEGT, 37.32441131, -97.38732219, 1272.97
KEGV, 45.93180008, -89.26906094, 1642.06
KEHA, 37.00073607, -101.8800111, 3622.05
KEHO, 35.25555577, -81.6009973, 847.11
KEHR, 37.80783892, -87.6844722, 386.15
KEIW, 36.53531112, -89.59971651, 294.95
KEK, 59.35399443, -157.4744082, 129.92
KEKA, 40.80338895, -124.1127916, 6.89
KEKM, 41.7193583, -86.00168333, 777.89
KEKN, 38.8894444, -79.85713899, 1986.88
KEKO, 40.8249167, -115.7916945, 5140.09
KEKQ, 36.85527787, -84.85613868, 962.93
KEKX, 37.68694438, -85.92377767, 774.93
KEKY, 33.3128918, -86.92590818, 700.13
KELA, 29.6005556, -96.3219443, 184.06
KELD, 33.22097216, -92.81327784, 276.90
KELK, 35.43079455, -99.39426675, 2001.97
KELM, 42.15988901, -76.89161092, 955.05
KELN, 47.03302793, -120.5306943, 1763.12
KELO, 47.82454714, -91.83073059, 1455.05
KELP, 31.80666681, -106.3778056, 3958.01
KELY, 39.29969464, -114.841889, 6258.86
KELZ, 42.10952785, -77.98997238, 2124.02
KEMM, 41.82406403, -110.5569752, 7285.10
KEMP, 38.3321112, -96.19116649, 1208.01
KEMT, 34.08600837, -118.0348447, 295.93
KEMV, 36.68691661, -77.48280555, 126.97
KEND, 36.33916687, -97.91650012, 1307.09
KENL, 38.51509184, -89.09113616, 534.12
KENV, 40.71869452, -114.0308887, 4236.88
KENW, 42.59570841, -87.92780265, 743.11
KEOK, 40.45990828, -91.42849982, 670.93
KEOP, 39.16693334, -82.92817488, 660.10
KEOS, 36.81080282, -94.39170554, 1254.92
KEPH, 47.30758354, -119.515889, 1275.92
KEPM, 44.91011113, -67.01269448, 45.93
KEQA, 37.77410846, -96.8176277, 1377.95
KEQY, 35.01884446, -80.62023327, 679.13
KERI, 42.08202213, -80.17621681, 731.96
KERR, 44.79254991, -71.16424441, 1245.08
KERV, 29.97673038, -99.08567771, 1617.13
KERY, 46.31118614, -85.45731649, 869.09
KESC, 45.72266959, -87.09373042, 608.92
KESF, 31.3949028, -92.29577199, 111.88
KESN, 38.80416658, -76.06900021, 71.85
KEST, 43.40718057, -94.74642769, 1316.93
KESW, 47.25400575, -121.1887027, 2221.13
KETB, 43.42216674, -88.1279169, 887.14
KETC, 35.93710005, -77.546639, 54.13
KETH, 45.78046113, -96.54353902, 1024.93
KETN, 32.41349179, -98.80975574, 1463.91
KEUF, 31.95130561, -85.12891665, 285.10
KEUG, 44.12324991, -123.2186669, 369.09
KEUL, 43.64186112, -116.6357777, 2431.10
KEVB, 29.05580532, -80.94836131, 9.84
KEVM, 47.42507771, -92.4984692, 1377.95
KEVU, 40.35250023, -94.91500005, 1149.93
KEVV, 38.03841669, -87.53086388, 417.98
KEVW, 41.27497226, -111.0320444, 7163.06
KEVY, 39.5203888, -75.72044447, 69.88
KEWB, 41.67614188, -70.95694184, 80.05
KEWK, 38.05709459, -97.27522776, 1533.14
KEWN, 35.07297244, -77.04294428, 18.04
KEWR, 40.69249738, -74.16866094, 18.04
KEXX, 35.78114469, -80.30378312, 732.94
KEYE, 39.83070832, -86.29438072, 792.98
KEYF, 34.60180555, -78.57927203, 132.87
KEYQ, 29.93521113, -95.63960552, 137.14
KEYW, 24.55611102, -81.75955564, 2.95
KEZF, 38.26682221, -77.44919434, 84.97
KEZI, 41.20520297, -89.96386126, 857.94
KEZM, 32.21424993, -83.12802762, 304.13
KEZZ, 39.72756129, -94.27637503, 1036.09
KFAF, 37.13245567, -76.60926104, 12.14
KFAM, 37.76108064, -90.42859733, 946.85
KFAR, 46.92065008, -96.81576401, 901.90
KFAT, 36.77619461, -119.7181387, 335.96
KFAY, 34.9912167, -78.88027221, 188.98
KFBG, 35.13183352, -78.93666655, 242.13
KFBL, 44.32468616, -93.31082761, 1060.04
KFBR, 41.39193602, -110.4067974, 7034.12
KFBY, 40.18297222, -97.16927782, 1479.99
KFCA, 48.31141669, -114.2550834, 2977.03
KFCH, 36.73236396, -119.8198973, 277.89
KFCI, 37.40653887, -77.52498597, 236.88
KFCM, 44.8272416, -93.45714703, 905.84
KFCS, 38.67833342, -104.7565001, 5837.93
KFCT, 46.66651681, -120.4567306, 1370.08
KFCY, 34.94199716, -90.77496663, 249.02
KFDK, 39.41758342, -77.37430573, 303.15
KFDR, 34.35204729, -98.98386955, 1254.92
KFDW, 34.31547236, -81.10880569, 577.10
KFDY, 41.01352796, -83.66869435, 812.99
KFEP, 42.24615824, -89.58198622, 858.92
KFES, 38.19494437, -90.38542762, 433.07
KFET, 41.44913882, -96.52019441, 1203.08
KFFA, 36.01822246, -75.67128629, 13.12
KFFC, 33.35725017, -84.57183346, 808.07
KFFL, 41.0533249, -91.97892219, 798.88
KFFM, 46.28440294, -96.1567001, 1182.09
KFFO, 39.82616667, -84.04833332, 823.16
KFFT, 38.18248887, -84.90470007, 803.15
KFFZ, 33.46083339, -111.7283334, 1394.03
KFGX, 38.54180563, -83.74338895, 913.06
KFHR, 48.52197211, -123.024361, 112.86
KFHU, 31.58847246, -110.3443886, 4719.16
KFIG, 41.04861394, -78.41310293, 1516.08
KFIO, 36.96753066, -88.56526941, 337.93
KFIT, 42.55411103, -71.75897241, 348.10
KFKA, 43.67676102, -92.17973337, 1275.92
KFKL, 41.37787521, -79.86036122, 1540.03
KFKN, 36.69808634, -76.9038029, 41.01
KFKR, 40.27343072, -86.56216934, 860.89
KFKS, 44.62521963, -86.20080829, 631.89
KFLD, 43.77117511, -88.48843038, 808.07
KFLG, 35.13845556, -111.6712193, 7011.15
KFLL, 26.07258339, -80.15275016, 8.86
KFLO, 34.18536108, -79.72388864, 147.97
KFLP, 36.29089449, -92.59025261, 719.16
KFLV, 39.36833337, -94.91471395, 771.98
KFLX, 39.49908335, -118.7487499, 3962.93
KFME, 39.08538614, -76.75941378, 149.93
KFMH, 41.65913634, -70.52280843, 130.91
KFMN, 36.74125012, -108.2299443, 5505.91
KFMY, 26.58661097, -81.86324984, 17.06
KFMZ, 40.58610018, -97.57313356, 1636.15
KFNB, 40.07878617, -95.5919914, 983.92
KFNL, 40.45181673, -105.011339, 5016.08
KFNT, 42.96550289, -83.74345556, 782.15
KFOA, 38.66494451, -88.45299438, 473.10
KFOD, 42.55145565, -94.19255018, 1157.15
KFOE, 38.95094443, -95.66361129, 1079.07
KFOK, 40.84365562, -72.6317887, 66.93
KFOT, 40.55393614, -124.1326582, 392.06
KFOZ, 47.78283343, -93.65019456, 1348.10
KFP, 54.84744743, -163.4103222, 20.01
KFPK, 42.57450856, -84.81143028, 891.08
KFPR, 27.49505539, -80.36827773, 22.97
KFQD, 35.42822231, -81.93507761, 1078.08
KFRG, 40.72878063, -73.41340855, 82.02
KFRH, 38.50622244, -86.63693592, 791.99
KFRI, 39.05533332, -96.76449984, 1064.96
KFRM, 43.64394184, -94.41561654, 1162.07
KFRR, 38.9175335, -78.25361386, 708.99
KFSD, 43.58201399, -96.74191386, 1429.13
KFSE, 47.59281937, -95.77350006, 1276.90
KFSI, 34.64983352, -98.40216681, 1188.98
KFSK, 37.79843073, -94.76938069, 917.98
KFSM, 35.33658329, -94.36744452, 469.16
KFSO, 44.94029168, -73.097464, 228.02
KFST, 30.91566648, -102.9161391, 3011.15
KFSU, 34.4834001, -104.2171973, 4165.03
KFSW, 40.65926381, -91.32681638, 724.08
KFTG, 39.7852499, -104.5431389, 5512.14
KFTK, 37.90705852, -85.97210571, 755.91
KFTT, 38.83987516, -92.00421095, 886.15
KFTW, 32.81977773, -97.3624447, 709.97
KFTY, 33.77913885, -84.52136099, 840.88
KFUL, 33.87201402, -117.9797834, 96.13
KFVE, 47.28550561, -68.31275001, 987.86
KFVX, 37.35752787, -78.43779713, 416.99
KFWA, 40.97846679, -85.1951471, 814.96
KFWC, 38.37863345, -88.41265261, 436.02
KFWN, 41.20020568, -74.62304995, 420.93
KFWQ, 40.20972222, -79.83144432, 1228.02
KFWS, 32.5651335, -97.3080723, 700.13
KFXE, 26.19728062, -80.17070845, 13.12
KFXY, 43.23473331, -93.62410292, 1229.99
KFYE, 35.2077055, -89.39445823, 436.02
KFYJ, 37.52122778, -76.76468343, 23.95
KFYM, 35.05836412, -86.56441122, 983.92
KFYV, 36.00507192, -94.16962355, 1250.98
KFZG, 31.68368619, -83.27046096, 365.16
KFZI, 41.19083069, -83.39453593, 751.97
KFZY, 43.35076399, -76.38804719, 475.07
KGAB, 38.92409183, -117.9590084, 4700.13
KGAD, 33.97262503, -86.08900264, 568.90
KGAF, 48.40459462, -97.37089992, 824.15
KGAG, 36.29553907, -99.77642477, 2223.10
KGAI, 39.16833345, -77.16600001, 538.06
KGAS, 38.83410841, -82.16342211, 566.93
KGBD, 38.34425557, -98.85919154, 1887.14
KGBG, 40.93800299, -90.43112487, 764.11
KGBN, 32.885, -112.7205558, 857.94
KGBR, 42.18420021, -73.40325281, 738.85
KGCC, 44.3489169, -105.5393609, 4365.16
KGCK, 37.92751674, -100.724414, 2890.09
KGCM, 36.29271671, -95.47961667, 732.94
KGCN, 35.95236115, -112.1469721, 6608.92
KGCT, 41.68573614, -94.43346396, 1221.13
KGCY, 36.19299185, -82.81506971, 1607.94
KGDB, 44.75328337, -95.55601671, 1046.92
KGDJ, 32.44441666, -97.81694725, 776.90
KGDM, 42.54986677, -72.01602235, 955.05
KGDV, 47.13870563, -104.8071863, 2456.04
KGDW, 43.97063356, -84.4750388, 775.92
KGDY, 37.23240014, -82.12499142, 2304.13
KGED, 38.68919436, -75.35888895, 49.87
KGEG, 47.61986107, -117.5338335, 2372.05
KGEO, 38.8819446, -83.88273597, 958.01
KGEU, 33.52756172, -112.2953573, 1069.88
KGEV, 36.43245846, -81.41971394, 3180.12
KGEY, 44.51644465, -108.0831943, 3933.07
KGEZ, 39.58316658, -85.80481097, 804.13
KGFA, 47.50496026, -111.1880296, 3525.92
KGFD, 39.7903223, -85.73608875, 895.01
KGFK, 47.94925578, -97.17611119, 845.14
KGFL, 43.34122237, -73.61030549, 328.08
KGFZ, 41.3270279, -94.4457221, 1360.89
KGGE, 33.31169453, -79.31958318, 39.04
KGGF, 40.86952787, -101.7328611, 3423.88
KGGG, 32.38401398, -94.7114861, 365.16
KGGI, 41.70916122, -92.73491398, 1007.87
KGGP, 40.71124736, -86.37489706, 737.86
KGGW, 48.21245559, -106.6147971, 2293.96
KGHM, 35.83742783, -87.44537517, 768.04
KGHW, 45.64389177, -95.3204307, 1393.04
KGIF, 28.06291658, -81.75330564, 145.01
KGJT, 39.12241403, -108.5267361, 4857.94
KGK, 59.72539723, -157.2855167, 254.92
KGKJ, 41.62652772, -80.21472752, 1399.93
KGKT, 35.8577583, -83.52869466, 1014.11
KGKY, 32.66386394, -97.09427789, 627.95
KGLD, 39.3706223, -101.6989915, 3655.84
KGLE, 33.65136109, -97.19702795, 845.14
KGLH, 33.48288048, -90.98561391, 130.91
KGLR, 45.0135418, -84.70361933, 1328.08
KGLS, 29.26532239, -94.86040548, 5.91
KGLW, 37.03178063, -85.95366642, 714.90
KGLY, 38.35657798, -93.68418306, 821.85
KGMJ, 36.6052695, -94.73856658, 830.05
KGMU, 34.84794449, -82.35000014, 1047.90
KGNB, 40.09165272, -105.9172359, 8203.08
KGNC, 32.67533608, -102.6526612, 3314.96
KGNF, 33.83253057, -89.7982277, 208.01
KGNG, 42.9171668, -114.7651666, 3728.02
KGNT, 35.16728628, -107.9019888, 6537.07
KGNV, 29.69005555, -82.27177799, 151.90
KGOK, 35.84980555, -97.41560832, 1067.91
KGON, 41.33005578, -72.04513863, 8.86
KGOP, 31.42127495, -97.79696658, 904.86
KGOV, 44.68031958, -84.72886384, 1158.14
KGPH, 39.33250845, -94.30964425, 776.90
KGPM, 32.69858345, -97.04652786, 588.91
KGPT, 30.4072779, -89.07011122, 27.89
KGPZ, 47.21110281, -93.50984439, 1354.99
KGQQ, 40.75338889, -82.72380531, 1224.08
KGRB, 44.4850722, -88.12958881, 694.88
KGRD, 34.24872223, -82.15908319, 630.91
KGRE, 38.83615829, -89.37841103, 541.01
KGRF, 47.07922228, -122.5807777, 301.84
KGRI, 40.96754182, -98.30963865, 1847.11
KGRK, 31.06723879, -97.82892779, 1019.03
KGRN, 42.80597214, -102.1752499, 3562.01
KGRR, 42.88083326, -85.52280575, 793.96
KGSB, 35.3393805, -77.96059191, 109.91
KGSH, 41.52716663, -85.79230562, 827.10
KGSO, 36.09774727, -79.93729726, 925.85
KGSP, 34.89566669, -82.21885845, 963.91
KGTB, 44.05166678, -75.72166666, 689.96
KGTE, 40.92627771, -100.1483054, 2559.06
KGTF, 47.4820029, -111.3706863, 3676.84
KGTG, 45.7980638, -92.66434997, 926.84
KGTR, 33.4503416, -88.59138027, 264.11
KGTU, 30.67880832, -97.67938346, 790.03
KGUC, 38.53394441, -106.9330278, 7680.12
KGUP, 35.51105831, -108.7893082, 6472.11
KGUS, 40.64816684, -86.15216687, 812.01
KGUY, 36.68507226, -101.5077809, 3123.03
KGVE, 38.15599736, -78.16578046, 454.07
KGVL, 34.27345857, -83.8268137, 1274.93
KGVQ, 43.03172797, -78.16759989, 913.06
KGVT, 33.06783881, -96.06533334, 535.10
KGVW, 38.84334158, -94.56053048, 1089.90
KGWO, 33.49432781, -90.0847055, 162.07
KGWR, 46.21872235, -97.64325008, 1266.08
KGWS, 39.50831685, -107.3114419, 5916.01
KGWW, 35.46055567, -77.96493352, 133.86
KGX, 62.89456129, -160.0649057, 99.08
KGXY, 40.43740556, -104.633211, 4696.85
KGYB, 30.16926672, -96.98001668, 484.91
KGYH, 34.75831948, -82.37641364, 955.05
KGYI, 33.71411104, -96.67366684, 749.02
KGYL, 44.75604437, -94.08121124, 992.13
KGYR, 33.42295557, -112.3785482, 967.85
KGYY, 41.61627799, -87.41277784, 590.88
KGZ, 61.45499993, -142.3816668, 2379.92
KGZH, 31.41492046, -87.0442307, 258.86
KGZS, 35.15370827, -87.05682501, 685.04
KHAB, 34.11757227, -87.99819723, 445.87
KHAD, 42.92441111, -106.3094692, 5370.08
KHAE, 39.72448882, -91.44368067, 772.97
KHAF, 37.51383059, -122.5010888, 66.93
KHAI, 41.95974995, -85.59338898, 824.15
KHAO, 39.36373338, -84.52195555, 632.87
KHAX, 35.74593332, -95.4127501, 626.97
KHBC, 48.7683833, -101.5369946, 1648.95
KHBG, 31.2647808, -89.25284162, 150.92
KHBI, 35.65452799, -79.89473864, 672.90
KHBR, 34.99130856, -99.05135259, 1563.98
KHBV, 27.3495556, -98.73697221, 663.06
KHBZ, 35.51168896, -92.01300815, 631.89
KHCD, 44.85987771, -94.38250557, 1060.04
KHCO, 48.7527306, -96.94300264, 818.90
KHDC, 30.52163322, -90.41840002, 45.93
KHDE, 40.45269448, -99.33733329, 2309.06
KHDI, 35.22007216, -84.83244449, 874.02
KHDN, 40.48116949, -107.2176692, 6602.03
KHDO, 29.3595276, -99.17666674, 930.12
KHEE, 34.57648885, -90.67588583, 242.13
KHEF, 38.72141674, -77.51544446, 191.93
KHEG, 30.2777889, -81.80594713, 86.94
KHEI, 46.01485569, -102.6559165, 2705.05
KHEQ, 40.56943059, -102.2726887, 3729.99
KHEZ, 31.61366109, -91.29733622, 271.98
KHFD, 41.73672225, -72.64944434, 18.04
KHFF, 35.03665566, -79.49740022, 375.98
KHFY, 39.62841678, -86.08788908, 821.85
KHGR, 39.70794462, -77.72949994, 703.08
KHHF, 35.89531962, -100.4036334, 2394.03
KHHG, 40.85291963, -85.45707241, 806.10
KHHR, 33.9228335, -118.3351944, 65.94
KHHW, 34.03593622, -95.54190561, 570.87
KHIB, 47.38660008, -92.83899441, 1353.02
KHIE, 44.36761659, -71.54447213, 1074.15
KHIF, 41.12393908, -111.9730389, 4789.04
KHIG, 39.07286122, -93.67749184, 833.99
KHII, 34.5711251, -114.3582778, 783.14
KHIO, 45.54039437, -122.9498251, 204.07
KHJH, 40.15225019, -97.58697242, 1465.88
KHJO, 36.31672215, -119.6276388, 244.09
KHKA, 35.94040554, -89.83080581, 254.92
KHKS, 32.33477231, -90.22253037, 341.86
KHKY, 35.74114725, -81.38954982, 1188.98
KHLC, 39.37883623, -99.83149454, 2237.86
KHLG, 40.17500002, -80.64627752, 1194.88
KHLM, 42.79591117, -86.16198599, 603.02
KHLN, 46.60680547, -111.9827499, 3876.97
KHLR, 31.13866668, -97.71449983, 923.88
KHLX, 36.76611688, -80.82356662, 2692.91
KHMN, 32.85250001, -106.1065002, 4092.85
KHMT, 33.73399191, -117.0225249, 1512.14
KHMY, 35.02639219, -97.23161683, 1091.86
KHMZ, 40.08536965, -78.51221681, 1163.06
KHNB, 38.24902508, -86.95371956, 529.86
KHND, 35.97277779, -115.1344447, 2492.13
KHNR, 41.58438887, -95.33963889, 1230.97
KHNZ, 36.36156131, -78.52916658, 526.90
KHOB, 32.68752772, -103.2170279, 3661.09
KHOC, 39.18876115, -83.53880838, 978.02
KHOE, 31.05591685, -82.77413875, 186.02
KHON, 44.38520014, -98.22854161, 1289.04
KHOP, 36.67235289, -87.49248594, 573.16
KHOT, 34.47803333, -93.09620842, 540.03
KHOU, 29.64541923, -95.27888909, 45.93
KHPN, 41.06695823, -73.7075749, 438.98
KHPT, 42.72372522, -93.22634161, 1175.85
KHPY, 29.78608333, -94.95266676, 34.12
KHQG, 37.16308046, -101.3705277, 3132.87
KHQM, 46.97119463, -123.9365557, 18.04
KHQU, 33.52971386, -82.51646385, 498.03
KHQZ, 32.74696413, -96.53041676, 446.85
KHRI, 45.82822222, -119.2591667, 644.03
KHRJ, 35.3794222, -78.73299435, 199.15
KHRL, 26.22849986, -97.65438885, 36.09
KHRO, 36.26152799, -93.15472215, 1365.16
KHRT, 30.42783335, -86.68933332, 38.06
KHRU, 38.69471401, -96.80797756, 1479.99
KHRX, 34.85775836, -102.3264138, 3785.10
KHSA, 30.36780551, -89.45460856, 22.97
KHSB, 37.81150013, -88.54913905, 396.00
KHSD, 35.60183063, -97.70615548, 1192.91
KHSE, 35.23278885, -75.61779454, 17.06
KHSI, 40.60525015, -98.42788875, 1960.96
KHSP, 37.95144439, -79.83389452, 3791.99
KHSR, 43.36824462, -103.388139, 3147.97
KHST, 25.48844453, -80.38366646, 5.91
KHSV, 34.63719461, -86.7750527, 628.94
KHTH, 38.54436681, -118.6343001, 4214.90
KHTL, 44.35980566, -84.67111096, 1149.93
KHTO, 40.95957801, -72.25184977, 56.10
KHTS, 38.36666677, -82.5580278, 828.08
KHTW, 38.41925014, -82.49432221, 567.91
KHUA, 34.67866659, -86.68483347, 685.04
KHUF, 39.45146408, -87.30756104, 588.91
KHUL, 46.1230835, -67.79205546, 488.85
KHUM, 29.56649993, -90.66041663, 8.86
KHUT, 38.06549996, -97.86063865, 1542.98
KHVC, 36.85697235, -87.45506644, 563.98
KHVE, 38.4180361, -110.7040389, 4443.90
KHVN, 41.26376398, -72.88679436, 13.12
KHVR, 48.54298621, -109.7623417, 2589.90
KHVS, 34.40308336, -80.11922211, 363.85
KHWD, 37.65926398, -122.1224083, 49.87
KHWO, 26.00142505, -80.24051964, 8.86
KHWQ, 46.44861382, -109.8527692, 4311.02
KHWV, 40.82194448, -72.86691651, 81.04
KHXD, 32.22436119, -80.69747239, 19.03
KHXF, 43.34927771, -88.3911252, 1069.88
KHYA, 41.66933611, -70.28035551, 54.13
KHYI, 29.89368349, -97.86476389, 597.11
KHYR, 46.02524992, -91.44427791, 1215.88
KHYS, 38.84221103, -99.27317217, 1998.03
KHYW, 33.82850021, -79.12216678, 34.12
KHYX, 43.43341123, -83.86245847, 600.07
KHZD, 36.08930837, -88.46329719, 496.06
KHZE, 47.28986118, -101.5809444, 1812.99
KHZL, 40.98678332, -75.99489167, 1604.00
KHZR, 30.71832229, -91.47866964, 39.04
KHZX, 46.6187973, -93.30981106, 1228.02
KHZY, 41.77797228, -80.69552511, 923.88
KIAB, 37.62300018, -97.26733357, 1371.06
KIAD, 38.94453328, -77.45581091, 312.01
KIAG, 43.10734447, -78.94619733, 589.90
KIAH, 29.98443335, -95.34144178, 97.11
KIB, 55.89753326, -159.4886689, 0.00
KIBM, 41.18805561, -103.6773889, 4925.85
KICL, 40.72178341, -95.02642751, 994.09
KICT, 37.64994465, -97.43305564, 1333.01
KIDA, 43.51371959, -112.0707223, 4740.16
KIDG, 42.33259745, -95.44488877, 1245.08
KIDI, 40.63222244, -79.1055277, 1404.86
KIDL, 33.48575547, -90.67886934, 125.98
KIDP, 37.15836112, -95.77838883, 825.13
KIEN, 43.02251123, -102.5110111, 3333.01
KIER, 31.73571937, -93.09913606, 121.06
KIFA, 42.4707862, -93.26995298, 1137.14
KIFP, 35.15738893, -114.5595279, 694.88
KIGM, 35.25947213, -113.9380556, 3449.15
KIGQ, 41.53490849, -87.52952501, 620.08
KIGX, 35.93500022, -79.06590834, 512.14
KIIB, 42.45359726, -91.94761947, 978.02
KIIY, 33.77938628, -82.81581134, 645.01
KIJD, 41.74404167, -72.18023613, 247.05
KIJX, 39.77460824, -90.23826957, 624.02
KIKG, 27.55086109, -98.03091958, 130.91
KIKK, 41.07138891, -87.8462778, 629.92
KIKV, 41.69108078, -93.56646404, 910.10
KILE, 31.08583354, -97.6864998, 848.10
KILG, 39.67872229, -75.60652793, 79.07
KILL, 45.11567798, -95.0888139, 1126.97
KILM, 34.27066673, -77.90249974, 32.15
KILN, 39.42792233, -83.79211932, 1077.10
KIML, 40.51041395, -101.6200943, 3271.98
KIMM, 26.43316649, -81.40102789, 36.09
KIMS, 38.75888888, -85.46552762, 816.93
KIMT, 45.81835572, -88.11454162, 1182.09
KIND, 39.71732799, -86.29438341, 796.92
KINJ, 32.08349995, -97.09716663, 685.04
KINK, 31.7796278, -103.2013638, 2821.85
KINL, 48.56618632, -93.40306655, 1185.04
KINS, 36.58662781, -115.6725195, 3132.87
KINT, 36.1337224, -80.22199988, 969.16
KINW, 35.02191659, -110.7225278, 4940.94
KIOB, 38.05813897, -83.97958338, 1019.03
KIOW, 41.63924441, -91.54650271, 667.98
KIPJ, 35.48332796, -81.16125852, 875.00
KIPL, 32.83421941, -115.5787446, -56.10
KIPT, 41.24183625, -76.92109421, 528.87
KIRK, 40.09350009, -92.54491657, 965.88
KIRS, 41.81287218, -85.43906137, 924.87
KISB, 43.36948615, -95.75975016, 1537.07
KISM, 28.28980532, -81.43708348, 82.02
KISN, 48.17793891, -103.6423472, 1981.96
KISO, 35.33143614, -77.60883361, 94.16
KISP, 40.79524174, -73.10021102, 99.08
KISQ, 45.97464167, -86.1718306, 685.04
KISW, 44.36035853, -89.83896956, 1021.00
KISZ, 39.2466972, -84.38896939, 855.97
KITH, 42.49102783, -76.45844445, 1099.08
KITR, 39.24250022, -102.285389, 4219.16
KIWA, 33.30783349, -111.6554721, 1381.89
KIWD, 46.52747512, -90.1313974, 1229.99
KIWH, 40.76197229, -85.79875007, 795.93
KIWI, 43.96141682, -69.71255556, 69.88
KIWS, 29.8181944, -95.672611, 110.89
KIXD, 38.83090552, -94.89030272, 1086.94
KIYK, 35.65887217, -117.8295945, 2457.02
KIZA, 34.6068196, -120.075561, 670.93
KIZG, 43.99114441, -70.94787508, 454.07
KJAC, 43.60733338, -110.7377502, 6451.12
KJAN, 32.31118329, -90.07589445, 346.13
KJAS, 30.88570856, -94.03493598, 212.93
KJAU, 36.33457493, -84.16234151, 1180.12
KJAX, 30.49405541, -81.68786109, 29.86
KJBR, 35.83168354, -90.64639181, 262.14
KJCT, 30.51126681, -99.76345539, 1750.98
KJDD, 32.74220254, -95.4964748, 434.06
KJDN, 47.32875019, -106.9526888, 2662.07
KJEF, 38.59116666, -92.15613887, 548.88
KJER, 42.72668067, -114.4566442, 4053.15
KJES, 31.5539863, -81.88277498, 106.96
KJFK, 40.63975006, -73.77892479, 13.12
KJFX, 33.90199442, -87.31416687, 481.96
KJGG, 37.23917507, -76.716097, 48.88
KJHW, 42.15338901, -79.25802782, 1723.10
KJKA, 30.290461, -87.67177776, 16.08
KJKJ, 46.83927219, -96.66374445, 916.99
KJKL, 37.59386133, -83.31724986, 1380.91
KJLN, 37.1518058, -94.49827775, 980.97
KJMR, 45.88609725, -93.27177778, 1012.14
KJMS, 46.92971125, -98.67818356, 1498.03
KJNX, 35.54094181, -78.39033052, 165.03
KJOT, 41.51780572, -88.1755279, 581.04
KJQF, 35.38520839, -80.709714, 689.96
KJSO, 31.86933629, -95.2173914, 676.84
KJST, 40.31611104, -78.83394465, 2284.12
KJSV, 35.4381666, -94.80277777, 526.90
KJVL, 42.62025297, -89.04156938, 808.07
KJVY, 38.36541686, -85.73819429, 474.08
KJWG, 35.86470857, -98.42075005, 1549.87
KJWN, 36.18236125, -86.886722, 495.08
KJWY, 32.45609734, -96.91241115, 712.93
KJXI, 32.6990002, -94.94886115, 415.03
KJXN, 42.2597862, -84.45940286, 1000.98
KJYG, 43.98631945, -94.55793634, 1066.93
KJYL, 32.64545023, -81.596497, 187.99
KJYM, 41.92126125, -84.58576396, 1182.09
KJYO, 39.07797217, -77.55750015, 389.11
KJYR, 40.89674994, -97.62277767, 1669.95
KJZI, 32.70086132, -80.0029166, 17.06
KJZP, 34.45337512, -84.45736662, 1535.10
KKB, 58.19094602, -152.3704876, 0.00
KKI, 60.90786483, -161.4350773, 18.04
KKIC, 36.22802217, -121.1218612, 370.08
KKL, 57.36703578, -154.0278438, 368.11
KKLS, 46.11800004, -122.8983888, 20.01
KKNB, 37.01110549, -112.5311945, 4868.11
KKU, -8.817000054, 146.5243833, 35.10
KL2, 50.16666681, -96.88333333, 747.05
KLAA, 38.06969997, -102.6884946, 3706.04
KLAF, 40.41231684, -86.93689719, 605.97
KLAL, 27.98891645, -82.01855555, 142.06
KLAM, 35.8798027, -106.2694167, 7170.93
KLAN, 42.77870011, -84.58735853, 860.89
KLAR, 41.31205548, -105.6750003, 7284.12
KLAS, 36.0803612, -115.1523332, 2181.10
KLAW, 34.567714, -98.41663599, 1109.91
KLAX, 33.94253634, -118.408075, 125.98
KLBB, 33.66363891, -101.8227777, 3282.15
KLBE, 40.27593892, -79.40479696, 1185.04
KLBF, 41.12621125, -100.6836556, 2775.92
KLBL, 37.04420831, -100.959861, 2882.87
KLBO, 37.64832795, -92.65243068, 1320.87
KLBR, 33.59316386, -95.06355554, 439.96
KLBT, 34.60991688, -79.05944467, 125.98
KLBX, 29.10863914, -95.46208039, 24.93
KLCG, 42.24188883, -96.98141679, 1431.10
KLCH, 30.12609724, -93.2234028, 15.09
KLCI, 43.57272785, -71.41890004, 544.95
KLCK, 39.81378626, -82.92782217, 744.09
KLCQ, 30.1820555, -82.57686138, 201.12
KLDJ, 40.61744716, -74.24459428, 22.97
KLDM, 43.96253329, -86.40791684, 645.01
KLEB, 43.62611119, -72.30419442, 604.00
KLEE, 28.82274449, -81.80900842, 77.10
KLEM, 45.91869716, -102.1061777, 2570.87
KLEW, 44.04847227, -70.28350845, 288.06
KLEX, 38.03697232, -84.60538879, 979.00
KLFI, 37.08288074, -76.36054739, 11.15
KLFK, 31.23401385, -94.74999994, 295.93
KLFT, 30.20528074, -91.98765546, 41.99
KLG, 61.53627489, -160.3413306, 55.12
KLGA, 40.77724446, -73.8726081, 21.98
KLGB, 33.81772243, -118.1516111, 60.04
KLGC, 33.00885301, -85.07259697, 692.91
KLGD, 45.29022239, -118.0071111, 2716.86
KLGF, 32.86000013, -114.3966669, 421.92
KLGU, 41.79122239, -111.8515831, 4457.02
KLHB, 30.87183047, -96.62222788, 285.10
KLHM, 38.90916131, -121.3513362, 121.06
KLHQ, 39.75564737, -82.65711084, 868.11
KLHV, 41.13588899, -77.42322207, 556.10
KLHW, 31.88829448, -81.56163052, 44.95
KLHX, 38.04971952, -103.5094307, 4237.86
KLHZ, 36.02334447, -78.33027229, 369.09
KLIC, 39.27276392, -103.6663391, 5365.16
KLIT, 34.7294445, -92.22430542, 262.14
KLIU, 33.92394461, -102.386675, 3616.14
KLJF, 45.09712782, -94.50726941, 1140.09
KLKP, 44.26447224, -73.96186665, 1747.05
KLKR, 34.72291667, -80.85458323, 485.89
KLKU, 38.0098334, -77.97013879, 493.11
KLKV, 42.16111109, -120.3990832, 4732.94
KLL, 59.11816388, -156.8652168, 60.04
KLLJ, 44.52297784, -114.2175637, 5071.85
KLLN, 33.55250828, -102.3724973, 3514.11
KLLQ, 33.63855287, -91.75101936, 270.01
KLLU, 37.48949189, -94.31150571, 1008.86
KLMS, 33.14620826, -89.06248033, 575.13
KLMT, 42.15613894, -121.733222, 4095.14
KLNA, 26.593, -80.08505568, 15.09
KLNC, 32.57919163, -96.71904981, 500.98
KLND, 42.81523615, -108.7298392, 5585.96
KLNK, 40.85097235, -96.75924987, 1219.16
KLNL, 46.15401104, -89.21208054, 1704.07
KLNN, 41.68402791, -81.38975009, 625.98
KLNP, 36.98752787, -82.53000006, 2684.06
KLNR, 43.21174443, -90.1815556, 717.85
KLNS, 40.1217166, -76.29609749, 402.89
KLOL, 40.06640576, -118.5651666, 3903.87
KLOT, 41.6072527, -88.09623599, 680.12
KLOU, 38.22799992, -85.66372231, 546.92
KLOZ, 37.08688058, -84.07739461, 1211.94
KLPC, 34.66561966, -120.4675028, 87.93
KLPR, 41.34427786, -82.17763871, 792.98
KLQK, 34.80997246, -82.702889, 1013.12
KLQR, 38.20858341, -99.08597231, 2012.14
KLRD, 27.54373882, -99.4615446, 507.87
KLRF, 34.91647795, -92.14625806, 311.02
KLRG, 45.36216125, -68.53474751, 208.01
KLRJ, 42.77795848, -96.19370297, 1195.87
KLRU, 32.28941683, -106.9219722, 4456.04
KLRY, 38.61102238, -94.34213027, 915.03
KLSB, 32.33278077, -108.6909749, 4277.89
KLSE, 43.87898617, -91.25683621, 653.87
KLSF, 32.33733349, -84.99133319, 231.96
KLSK, 42.75380854, -104.4045527, 4963.91
KLSN, 37.06290565, -120.8692499, 119.09
KLSV, 36.2361972, -115.0342526, 1870.08
KLTS, 34.66395836, -99.27397504, 1381.89
KLUD, 33.25463891, -97.58055568, 1046.92
KLUF, 33.53494719, -112.3831916, 1084.97
KLUG, 35.50697498, -86.803886, 716.86
KLUK, 39.10334453, -84.41861406, 482.94
KLUL, 31.67255268, -89.17222515, 237.86
KLUM, 44.89232507, -91.86796948, 895.01
KLVJ, 29.52130538, -95.24216652, 42.98
KLVK, 37.69338906, -121.8203612, 399.93
KLVL, 36.77283347, -77.7942498, 329.07
KLVM, 45.69938902, -110.4483055, 4660.10
KLVN, 44.62785825, -93.22809711, 959.97
KLVS, 35.65422222, -105.1423891, 6876.97
KLWA, 42.35083345, -86.25613868, 666.01
KLWB, 37.85830569, -80.39947227, 2301.84
KLWC, 39.01114158, -95.21658316, 832.02
KLWD, 40.63333355, -93.90216932, 1130.91
KLWL, 41.11713901, -114.9221112, 5771.98
KLWM, 42.71720845, -71.12343058, 147.97
KLWS, 46.37449734, -117.0153947, 1437.99
KLWT, 47.04924993, -109.4666943, 4169.95
KLWV, 38.76429722, -87.60549456, 430.12
KLXL, 45.94966393, -94.34740841, 1122.05
KLXN, 40.79100017, -99.77727771, 2413.06
KLXT, 38.9557305, -94.37134713, 1003.94
KLXV, 39.22027778, -106.3161112, 9928.15
KLXY, 31.6398361, -96.51472226, 543.96
KLYH, 37.32668616, -79.20043051, 937.99
KLYO, 38.34278069, -98.22687775, 1690.94
KLYV, 43.62116955, -96.21578604, 1431.10
KLZU, 33.97807494, -83.96237791, 1061.02
KMAC, 32.82213908, -83.56202781, 451.12
KMAE, 36.98650561, -120.1126304, 252.95
KMAF, 31.94252774, -102.2019137, 2871.06
KMAI, 30.83780564, -85.18188894, 109.91
KMAL, 44.85365834, -74.32894975, 790.03
KMAO, 34.18116678, -79.33472246, 91.86
KMAW, 36.60055853, -89.99220282, 294.95
KMBG, 45.54650277, -100.4079191, 1714.90
KMBL, 44.27241962, -86.24691948, 621.06
KMBO, 32.43866935, -90.10308623, 326.12
KMBS, 43.53291381, -84.07964721, 667.98
KMBT, 35.87748058, -86.37751937, 615.16
KMBY, 39.46385857, -92.42704466, 867.13
KMCB, 31.17845558, -90.47187522, 413.06
KMCC, 38.66763912, -121.4006111, 75.13
KMCD, 45.8649306, -84.63735268, 740.16
KMCE, 37.28472769, -120.5138862, 155.84
KMCF, 27.84933329, -82.52116665, 14.11
KMCI, 39.29760553, -94.71390545, 1025.92
KMCK, 40.20627793, -100.5920832, 2583.01
KMCN, 32.69285023, -83.64921123, 354.00
KMCO, 28.4293915, -81.30899459, 96.13
KMCW, 43.15779179, -93.33126113, 1212.93
KMCX, 40.70881661, -86.76676109, 675.85
KMCZ, 35.86219467, -77.17820272, 76.12
KMDA, 29.43356663, -98.38362515, 673.88
KMDD, 32.03652509, -102.1010278, 2803.15
KMDF, 36.48475852, -99.19415832, 1970.14
KMDH, 37.77809724, -89.2520307, 411.09
KMDQ, 34.86140851, -86.55747235, 754.92
KMDS, 44.01597228, -97.08593309, 1716.86
KMDT, 40.19349452, -76.76340267, 310.04
KMDW, 41.78598337, -87.75242508, 620.08
KMDZ, 45.10098886, -90.30333906, 1470.14
KMEB, 34.79193896, -79.36584726, 220.14
KMEI, 32.33313348, -88.7512055, 296.92
KMEJ, 37.27686111, -100.3564999, 2528.87
KMEM, 35.04241671, -89.97666657, 340.88
KMER, 37.38048054, -120.5681889, 188.98
KMEV, 39.00030546, -119.7511943, 4726.05
KMEY, 42.17829466, -95.79364434, 1116.14
KMEZ, 34.54539467, -94.20265272, 1079.07
KMFD, 40.82141675, -82.51663908, 1296.92
KMFE, 26.17583334, -98.23861107, 106.96
KMFI, 44.63688053, -90.18932775, 1276.90
KMFR, 42.37422768, -122.8734975, 1334.97
KMFV, 37.64688894, -75.7610558, 46.92
KMGC, 41.70331936, -86.82124972, 654.86
KMGE, 33.91538065, -84.51631934, 1067.91
KMGG, 45.2359945, -93.98558915, 1027.89
KMGJ, 41.50998339, -74.26465005, 365.16
KMGM, 32.30064455, -86.39397517, 221.13
KMGN, 45.42556666, -84.91338328, 686.02
KMGR, 31.08491655, -83.80325005, 293.96
KMGW, 39.64290842, -79.91631389, 1248.03
KMGY, 39.58897222, -84.22486112, 957.02
KMHE, 43.77483331, -98.03861126, 1304.13
KMHK, 39.14097223, -96.67083353, 1057.09
KMHL, 39.09575556, -93.20287764, 778.87
KMHN, 42.04999723, -101.0671055, 3359.91
KMHP, 32.37388898, -82.07919449, 196.85
KMHR, 38.55389737, -121.2975915, 96.13
KMHT, 42.93255564, -71.43566653, 266.08
KMHV, 35.05936392, -118.1518556, 2791.01
KMIA, 25.79324976, -80.29055581, 7.87
KMIB, 48.41550015, -101.3576666, 1667.98
KMIC, 45.06198619, -93.35393876, 869.09
KMIE, 40.24236102, -85.39586127, 937.01
KMIO, 36.90922245, -94.88749981, 808.07
KMIT, 35.50739173, -119.1921723, 420.93
KMIV, 39.36780565, -75.07222205, 84.97
KMIW, 42.11273611, -92.91778341, 974.08
KMJD, 30.48748635, -89.65119436, 56.10
KMJQ, 43.65004186, -94.98654708, 1445.87
KMJX, 39.92749717, -74.29238051, 82.02
KMKA, 44.52524465, -98.95811364, 1568.90
KMKC, 39.12325021, -94.59275007, 758.86
KMKE, 42.94722229, -87.89658353, 723.10
KMKG, 43.16948891, -86.23822197, 627.95
KMKJ, 36.89483911, -81.34996668, 2558.07
KMKL, 35.59988905, -88.91561106, 434.06
KMKN, 31.91681407, -98.60032484, 1388.12
KMKO, 35.65648902, -95.36665544, 611.88
KMKT, 44.2216444, -93.91874448, 1020.01
KMKV, 31.09466136, -92.06906945, 79.07
KMKY, 25.99502765, -81.67252779, 4.92
KMLB, 28.10275275, -80.64581126, 33.14
KMLC, 34.88240283, -95.78346402, 770.01
KMLD, 42.16658615, -112.2966331, 4502.95
KMLE, 41.19570494, -96.11168951, 1050.85
KMLF, 38.42663325, -113.0124557, 5039.04
KMLI, 41.44852795, -90.50753877, 589.90
KMLJ, 33.15416671, -83.2406947, 383.86
KMLS, 46.42796114, -105.886239, 2629.92
KMLT, 45.64783629, -68.68556097, 408.14
KMLU, 32.51086671, -92.03768894, 79.07
KMMH, 37.62404993, -118.837772, 7127.95
KMMI, 35.39730281, -84.56256956, 857.94
KMMK, 41.50870834, -72.82948896, 103.02
KMML, 44.45006937, -95.82232788, 1180.12
KMMS, 34.23145551, -90.289561, 162.07
KMMT, 33.92083056, -80.80678627, 251.97
KMMU, 40.79935022, -74.41487521, 187.01
KMMV, 45.1944444, -123.1359445, 163.06
KMNF, 36.99282792, -91.71445549, 1181.10
KMNI, 33.58711112, -80.20866662, 103.02
KMNM, 45.12667771, -87.63855279, 625.00
KMNN, 40.61625022, -83.06347221, 993.11
KMNV, 35.54538053, -84.38023031, 1030.84
KMNZ, 31.66592795, -98.14863905, 1298.88
KMOB, 30.69141671, -88.24283347, 219.16
KMOD, 37.62581684, -120.9544221, 97.11
KMOP, 43.62166945, -84.73748624, 754.92
KMOR, 36.1793974, -83.37545022, 1312.99
KMOT, 48.25937782, -101.2803335, 1715.88
KMOX, 45.56596957, -95.96718594, 1138.12
KMPE, 32.79943619, -89.1259861, 458.01
KMPJ, 35.13886392, -92.90919721, 922.90
KMPO, 41.13747787, -75.37887767, 1916.01
KMPR, 38.35243631, -97.69133046, 1497.05
KMPV, 44.20350563, -72.56233066, 1165.03
KMPZ, 40.94661389, -91.51107475, 733.92
KMQB, 40.52008331, -90.65238878, 707.02
KMQI, 35.91942027, -75.69511861, 14.11
KMQJ, 39.84348603, -85.89706376, 861.88
KMQW, 32.09577777, -82.88002789, 202.10
KMQY, 36.00898057, -86.52007788, 542.98
KMRB, 39.4019334, -77.9845807, 557.09
KMRC, 35.55413894, -87.17891648, 681.10
KMRF, 30.37110262, -104.017586, 4849.08
KMRH, 34.73354995, -76.66059718, 11.15
KMRJ, 42.88684443, -90.23624182, 1176.84
KMRN, 35.82023352, -81.61141098, 1270.01
KMRT, 40.22469465, -83.3516112, 1021.98
KMRY, 36.58699997, -121.8429445, 256.89
KMSA, 33.12936131, -94.97563899, 403.87
KMSL, 34.7453111, -87.6102224, 549.87
KMSN, 43.13985854, -89.33751404, 887.14
KMSO, 46.91630557, -114.0905558, 3205.05
KMSP, 44.88332491, -93.21692213, 840.88
KMSS, 44.93583351, -74.84555572, 214.90
KMSV, 41.70165002, -74.79501396, 1402.89
KMSY, 29.99338891, -90.25802761, 3.94
KMTC, 42.61283331, -82.83166677, 580.05
KMTH, 24.72614162, -81.0513778, 6.89
KMTJ, 38.50979716, -107.8942443, 5758.86
KMTN, 39.32566412, -76.41376644, 21.98
KMTO, 39.47795022, -88.28022212, 722.11
KMTP, 41.07666683, -71.92047223, 6.89
KMTV, 36.63075283, -80.01837239, 941.93
KMTW, 44.12877224, -87.68058613, 650.92
KMUI, 40.43483332, -76.56933323, 488.85
KMUL, 31.13768634, -83.70406106, 291.99
KMUO, 43.04366682, -115.8725001, 2996.06
KMUT, 41.3677777, -91.14822239, 546.92
KMUU, 40.3181361, -77.87610814, 560.04
KMVC, 31.45805273, -87.35104188, 418.96
KMVE, 44.96905569, -95.71024999, 1034.12
KMVI, 37.52855826, -106.046053, 7607.94
KMVL, 44.53460824, -72.61400566, 731.96
KMVM, 44.70311131, -67.47861117, 96.13
KMVN, 38.32335547, -88.85848045, 479.99
KMVY, 41.39302768, -70.61433345, 66.93
KMWA, 37.75313627, -89.01159748, 472.11
KMWC, 43.11038911, -88.03442225, 745.08
KMWH, 47.20770847, -119.3201888, 1185.04
KMWK, 36.45973619, -80.5529581, 1247.05
KMWL, 32.78160553, -98.06017488, 974.08
KMWM, 43.91340293, -95.10940835, 1410.10
KMWO, 39.53102779, -84.3952775, 649.93
KMXA, 35.89444455, -90.15456945, 242.13
KMXF, 32.38013886, -86.364972, 171.92
KMXO, 42.2203641, -91.16329998, 833.01
KMY, 57.02558555, -154.1459186, 0.00
KMYF, 32.81572223, -117.1395832, 426.84
KMYJ, 39.15752783, -91.81827754, 823.16
KMYL, 44.88969717, -116.1012889, 5021.00
KMYR, 33.67974993, -78.92833337, 24.93
KMYV, 39.09777224, -121.569825, 62.01
KMYZ, 39.85532496, -96.63063347, 1283.14
KMZH, 46.4187501, -92.80466661, 1076.12
KMZJ, 32.50984445, -111.3253333, 1892.06
KMZZ, 40.48986387, -85.67973062, 858.92
KNBC, 32.4773334, -80.72316662, 36.09
KNBG, 29.8253331, -90.03500015, 2.95
KNCA, 34.70850013, -77.43966669, 24.93
KNDY, 38.33250012, -77.03722492, 20.01
KNDZ, 30.69713619, -87.01635271, 178.15
KNEL, 40.03338341, -74.35360551, 103.02
KNEN, 30.35, -81.86666653, 99.08
KNEW, 30.04242506, -90.02826646, 7.87
KNFE, 36.70014996, -76.13298878, 16.08
KNFG, 33.30133349, -117.3551667, 78.08
KNFJ, 30.5002778, -86.94999978, 357.94
KNFL, 39.41658631, -118.7009807, 3934.06
KNFW, 32.76916679, -97.44152784, 649.93
KNGP, 27.69308891, -97.29137778, 19.03
KNGU, 36.93770282, -76.28928334, 15.09
KNGW, 27.70027757, -97.43444458, 29.86
KNHK, 38.28598056, -76.41178072, 39.04
KNHL, 30.34611113, -87.54166693, 61.02
KNHZ, 43.89235832, -69.93884996, 75.13
KNID, 35.68550013, -117.6919998, 2283.14
KNIP, 30.23476929, -81.67640537, 21.98
KNJK, 32.8291668, -115.6716666, -42.98
KNJM, 34.69050016, -77.0296669, 21.98
KNJW, 32.79624436, -88.83171961, 540.03
KNKT, 34.90263071, -76.88013911, 27.89
KNKX, 32.8683807, -117.1425332, 478.02
KNLC, 36.3330055, -119.9520001, 233.92
KNMM, 32.5518056, -88.55503902, 316.93
KNOG, 27.90116664, -98.05166647, 256.89
KNOW, 48.14128619, -123.4139639, 13.12
KNPA, 30.35285555, -87.31861934, 27.89
KNQA, 35.35666667, -89.87027764, 319.88
KNQB, 30.56361113, -87.80972198, 128.94
KNQI, 27.50031386, -97.81694144, 49.87
KNQX, 24.5739333, -81.6861333, 5.91
KNRA, 48.19981936, -122.634611, 199.15
KNRB, 30.39190549, -81.42314181, 17.06
KNRN, 39.85041384, -99.89466682, 2382.87
KNRS, 32.56666672, -117.1166669, 23.95
KNSE, 30.72416648, -87.02194423, 199.15
KNSI, 33.23983345, -119.4581665, 503.94
KNTD, 34.12033327, -119.1209999, 12.14
KNTK, 33.70668635, -117.8275555, 54.13
KNTU, 36.82070285, -76.03354186, 21.98
KNUC, 33.02333325, -118.5870002, 182.09
KNUI, 38.14166665, -76.42916679, 21.00
KNUN, 30.46972241, -87.33805552, 84.97
KNUQ, 37.41516687, -122.0483333, 32.15
KNUW, 48.35180271, -122.6559055, 46.92
KNVD, 37.85206687, -94.30486366, 892.06
KNVI, 30.6996531, -87.19564721, 180.12
KNW, 59.44987502, -157.3283167, 301.84
KNWL, 27.63499998, -97.31222525, 24.93
KNXX, 40.19991104, -75.1481916, 361.88
KNYG, 38.50279458, -77.30546683, 11.15
KNZJ, 33.67613901, -117.7311668, 382.87
KNZX, 30.68074688, -86.88718289, 149.93
KNZY, 32.69916683, -117.2153333, 25.92
KOAJ, 34.829164, -77.61213899, 94.16
KOAK, 37.72129174, -122.2207166, 5.91
KOAR, 36.68190289, -121.76245, 133.86
KOBE, 27.26283342, -80.84977761, 34.12
KOCF, 29.17261116, -82.22416654, 88.91
KOCH, 31.57802794, -94.7095415, 354.99
KOCQ, 44.87419736, -87.90961638, 604.00
KOCW, 35.57046689, -77.04981387, 38.06
KODO, 31.92056648, -102.387089, 3003.94
KODX, 41.62425019, -98.9523612, 2069.88
KOEA, 38.69143602, -87.55224422, 414.04
KOEB, 41.93343882, -85.05258054, 958.99
KOEL, 39.10994444, -100.8164446, 3044.95
KOEO, 45.30858882, -92.6900804, 902.89
KOFF, 41.11932501, -95.90850547, 1051.84
KOFK, 41.98547233, -97.43511111, 1573.16
KOFP, 37.70895559, -77.43665278, 205.05
KOGA, 41.1194722, -101.7696945, 3277.89
KOGB, 33.45833056, -80.85870847, 194.88
KOGD, 41.19591683, -112.0121665, 4473.10
KOGM, 46.84546944, -89.35042217, 668.96
KOGS, 44.68186118, -75.46550006, 296.92
KOIC, 42.56654441, -75.52409738, 1024.93
KOIN, 39.83391658, -100.5393335, 2703.08
KOJC, 38.84759154, -94.73510876, 1096.13
KOKB, 33.21797781, -117.3515081, 27.89
KOKC, 35.39308906, -97.60073349, 1294.95
KOKK, 40.52817788, -86.05898872, 830.05
KOKM, 35.66813886, -95.94869435, 720.14
KOKS, 41.40097238, -102.3550276, 3394.03
KOKV, 39.14355017, -78.14444438, 727.03
KOKZ, 32.96672221, -82.83816665, 437.99
KOLD, 44.95250009, -68.67433325, 125.98
KOLE, 42.24125013, -78.37138876, 2134.84
KOLF, 48.09451684, -105.5750526, 1985.89
KOLG, 46.31475013, -91.81637496, 1102.03
KOLM, 46.97049994, -122.9022083, 206.04
KOLS, 31.41772237, -110.8478889, 3955.05
KOLU, 41.44800022, -97.34263882, 1446.85
KOLV, 34.97875013, -89.78686094, 401.90
KOLY, 38.72182779, -88.17643315, 481.96
KOLZ, 42.6808444, -91.97447777, 1076.12
KOMA, 41.30264729, -95.89378908, 983.92
KOMH, 38.24721661, -78.04561123, 464.90
KOMK, 48.4644166, -119.5180558, 1305.12
KOMN, 29.30055555, -81.11361086, 28.87
KONA, 44.07721382, -91.7083168, 655.84
KONL, 42.469889, -98.68805543, 2030.84
KONM, 34.0224722, -106.9031391, 4875.00
KONO, 44.02052768, -117.0136388, 2192.91
KONP, 44.58036102, -124.0579167, 160.10
KONT, 34.05600015, -117.6011945, 943.90
KONX, 36.39893051, -76.01630285, 16.08
KONY, 33.35088059, -98.81916672, 1274.93
KONZ, 42.09860556, -83.16105858, 590.88
KOOA, 41.22615002, -92.49388307, 839.90
KOPF, 25.90699989, -80.27838886, 7.87
KOPL, 30.55840563, -92.09937483, 75.13
KOPN, 32.95458891, -84.26315278, 795.93
KOQU, 41.59715284, -71.41215295, 19.03
KOQW, 42.05007501, -90.73880553, 769.03
KORB, 48.01592242, -92.85605282, 1311.02
KORC, 42.99026404, -96.06279731, 1414.04
KORD, 41.97860286, -87.9048416, 667.98
KORE, 42.57012785, -72.28861123, 555.12
KORF, 36.89461112, -76.20122239, 25.92
KORG, 30.06916668, -93.80091682, 13.12
KORH, 42.26733897, -71.8757084, 1008.86
KORL, 28.54547214, -81.33294448, 112.86
KORS, 48.708161, -122.9104641, 30.84
KOSA, 33.09553329, -94.95924443, 362.86
KOSC, 44.45155833, -83.39405268, 633.86
KOSH, 43.98435272, -88.55705828, 808.07
KOSU, 40.07977791, -83.07302758, 904.86
KOSX, 33.09025839, -89.54201683, 479.99
KOT, 63.02811954, -163.5591111, 4.92
KOTG, 43.65505558, -95.57922229, 1574.15
KOTH, 43.41713894, -124.2460276, 17.06
KOTM, 41.10659726, -92.44793907, 845.14
KOUN, 35.24556387, -97.47212783, 1182.09
KOVE, 39.48783349, -121.6220002, 192.91
KOVL, 44.77857225, -95.03277764, 1076.12
KOVO, 39.04563613, -85.60533062, 757.87
KOVS, 43.16017494, -90.67547768, 671.92
KOWA, 44.12339743, -93.26061666, 1146.00
KOWB, 37.74011113, -87.16683313, 405.84
KOWD, 42.19052788, -71.17294461, 49.87
KOWI, 38.53866678, -95.25297225, 965.88
KOWK, 44.7155001, -69.86647233, 270.01
KOWX, 41.03558343, -83.98202509, 763.12
KOXB, 38.31044465, -75.12397215, 11.15
KOXC, 41.47855561, -73.13525006, 726.05
KOXD, 39.5022611, -84.78438065, 1040.03
KOXI, 41.33018889, -86.66473344, 684.06
KOXR, 34.20081127, -119.2072195, 42.98
KOXV, 41.29888617, -93.11381668, 928.15
KOY, 57.16145251, -154.2297935, 0.00
KOYM, 41.41247772, -78.50263059, 1934.06
KOZA, 30.73528055, -101.2029724, 2380.91
KOZR, 31.27566688, -85.71333334, 300.85
KOZW, 42.62950826, -83.98417488, 959.97
KPAE, 47.90634178, -122.2815639, 605.97
KPAH, 37.06083331, -88.77374992, 410.10
KPAM, 30.06996397, -85.57649419, 18.04
KPAN, 34.25683625, -111.3392557, 5157.15
KPAO, 37.4611111, -122.1150555, 3.94
KPB, 56.35185991, -133.6225864, 0.00
KPBF, 34.17314161, -91.93559736, 206.04
KPBG, 44.65094436, -73.46813902, 233.92
KPBH, 45.70895009, -90.40248603, 1497.05
KPBI, 26.68316111, -80.09559453, 19.03
KPBX, 37.56176401, -82.5663887, 1473.10
KPC, 65.25366437, -166.8585196, 9.84
KPCM, 28.0002166, -82.16424152, 153.87
KPCU, 30.52266385, -89.70695257, 62.01
KPCW, 41.51627787, -82.86869422, 589.90
KPCZ, 44.3332585, -89.01976928, 839.90
KPDC, 43.01928621, -91.12373337, 661.09
KPDK, 33.8756112, -84.30197239, 1002.95
KPDT, 45.69505557, -118.8414444, 1497.05
KPDX, 45.58872242, -122.5974999, 29.86
KPEA, 41.4000668, -92.94588313, 884.84
KPEO, 42.63708886, -77.05285817, 990.16
KPEQ, 31.38238896, -103.5107222, 2612.86
KPEZ, 28.95418882, -98.51998597, 430.12
KPFC, 45.19982491, -123.9623389, 4.92
KPFN, 30.2120835, -85.68280578, 20.01
KPGA, 36.92611132, -111.4483613, 4312.99
KPGD, 26.92019429, -81.99051395, 24.93
KPGR, 36.06289465, -90.50778061, 290.03
KPGV, 35.63523889, -77.38531932, 26.90
KPH, 54.45912022, -162.6936404, 0.00
KPHD, 40.47091674, -81.41975015, 894.03
KPHF, 37.13189442, -76.49298906, 42.98
KPHG, 39.73580573, -99.31710273, 1907.15
KPHH, 33.45169444, -79.5262, 25.92
KPHK, 26.78503878, -80.69335565, 16.08
KPHL, 39.8719446, -75.24113908, 36.09
KPHN, 42.91094743, -82.52886102, 649.93
KPHP, 44.04862784, -101.5990609, 2207.02
KPHT, 36.33822508, -88.38287786, 580.05
KPHX, 33.43427785, -112.0115836, 1134.84
KPIA, 40.66420276, -89.69325811, 660.10
KPIB, 31.46713872, -89.33705539, 297.90
KPIE, 27.91063886, -82.68741667, 9.84
KPIH, 42.90979173, -112.5959113, 4452.10
KPIL, 26.16621092, -97.34588608, 19.03
KPIM, 32.8406946, -84.88244444, 901.90
KPIR, 44.38267786, -100.285964, 1742.13
KPIT, 40.49146682, -80.23287222, 1204.07
KPJY, 37.97788326, -89.36045006, 399.93
KPKB, 39.34510276, -81.43920288, 857.94
KPKD, 46.90062504, -95.07313326, 1442.91
KPKF, 45.955025, -90.42441934, 1500.00
KPKV, 28.65404997, -96.68131381, 29.86
KPLB, 44.68751963, -73.52452219, 371.06
KPLD, 40.45076665, -84.9900806, 925.85
KPLK, 36.62592217, -93.22887495, 937.99
KPLN, 45.57092797, -84.79671389, 720.14
KPLR, 33.55883326, -86.24905542, 484.91
KPMB, 48.94249991, -97.24083334, 794.95
KPMD, 34.62938905, -118.0845527, 2542.98
KPMH, 38.84046961, -82.84731388, 663.06
KPMP, 26.24713887, -80.11105567, 19.03
KPMU, 34.36347216, -89.89255831, 221.13
KPMV, 40.95024996, -95.91788873, 1202.10
KPMZ, 35.80843885, -76.75927788, 39.04
KPNA, 42.79547229, -109.8070832, 7085.96
KPNC, 36.73195828, -97.09978044, 1006.89
KPNE, 40.08194447, -75.01058623, 121.06
KPNM, 45.55986688, -93.60821664, 979.00
KPNN, 45.20066679, -67.56438911, 266.08
KPNS, 30.47330551, -87.18744457, 121.06
KPNT, 40.92436396, -88.62388864, 666.01
KPOB, 35.17083351, -79.01450023, 216.86
KPOC, 34.09164738, -117.7817805, 1011.15
KPOE, 31.04481116, -93.19164455, 330.05
KPOF, 36.77394457, -90.32484725, 331.04
KPOH, 42.74280578, -94.64730531, 1224.08
KPOU, 41.6266112, -73.8841112, 165.03
KPOY, 44.86716125, -108.7934276, 5091.86
KPPA, 35.61300002, -100.9962639, 3245.08
KPPF, 37.32988335, -95.50616652, 898.95
KPPO, 41.57247517, -86.73452765, 812.01
KPPQ, 39.63885561, -90.7784307, 709.97
KPQI, 46.68897227, -68.04480583, 534.12
KPQL, 30.46278052, -88.52922767, 17.06
KPQN, 43.98330297, -96.30031094, 1735.89
KPR, 58.49013705, -152.5821649, 0.00
KPRB, 35.67288604, -120.6270553, 835.96
KPRC, 34.6544724, -112.4195834, 5044.95
KPRG, 39.7001585, -87.66961947, 653.87
KPRN, 31.84569463, -86.61073878, 451.12
KPRO, 41.82801392, -94.15990278, 1014.11
KPRX, 33.63661129, -95.45074984, 546.92
KPRZ, 34.14547227, -103.4103334, 4078.08
KPSB, 40.88439167, -78.08734149, 1948.16
KPSC, 46.26469173, -119.1190387, 407.15
KPSF, 42.42684726, -73.29292774, 1193.90
KPSK, 37.13734467, -80.67848057, 2104.99
KPSM, 43.07794444, -70.82327798, 100.07
KPSN, 31.77969452, -95.70630536, 422.90
KPSP, 33.82966664, -116.5066946, 477.03
KPSX, 28.7275083, -96.25095829, 14.11
KPTB, 37.18375828, -77.50738889, 192.91
KPTD, 44.67666943, -74.94844705, 474.08
KPTG, 36.74617231, -83.03702787, 1863.85
KPTK, 42.66550016, -83.42008352, 979.99
KPTN, 29.70954716, -91.33897752, 8.86
KPTS, 37.44855568, -94.73133311, 950.13
KPTT, 37.70161405, -98.74686956, 1952.10
KPTV, 36.02960844, -119.0627307, 441.93
KPTW, 40.23956381, -75.5566974, 309.06
KPUB, 38.28908622, -104.4965807, 4726.05
KPUC, 39.61391676, -110.7514192, 5953.08
KPUW, 46.74386133, -117.1095832, 2555.12
KPVB, 42.68935572, -90.44439152, 1025.92
KPVC, 42.07199737, -70.22137776, 8.86
KPVD, 41.7240002, -71.42819434, 55.12
KPVF, 38.72421965, -120.7533252, 2583.01
KPVG, 36.7801502, -76.44883633, 22.97
KPVJ, 34.71258078, -97.22530022, 967.85
KPVU, 40.21919444, -111.723361, 4497.05
KPVW, 34.16814733, -101.717336, 3374.02
KPWA, 35.5345501, -97.64721662, 1298.88
KPWC, 46.72478881, -94.38170001, 1294.95
KPWD, 48.79030567, -104.5338446, 2250.00
KPWG, 31.48491673, -97.31652796, 591.86
KPWK, 42.11422239, -87.90149465, 646.98
KPWM, 43.64616104, -70.30928046, 77.10
KPWT, 47.49275286, -122.7624276, 438.98
KPXE, 32.5105834, -83.76733348, 417.98
KPY, 57.93011125, -153.0405593, 0.00
KPYG, 34.74213906, -80.34519419, 575.13
KPYM, 41.90902501, -70.72878912, 147.97
KPYN, 37.12671675, -90.71289718, 466.86
KPYX, 36.41291689, -100.7515776, 2917.98
KPZQ, 45.4070973, -83.81286666, 669.95
KQA, 54.13246706, -165.785311, 0.00
KR7, 49.78333354, -100.9566665, 1439.96
KRAC, 42.76061665, -87.81521693, 673.88
KRAL, 33.95187512, -117.4451029, 817.91
KRAP, 44.04532235, -103.0573694, 3204.07
KRAS, 27.81183332, -97.0887503, 4.92
KRAW, 38.34688883, -93.34542498, 936.02
KRBD, 32.68086109, -96.86819449, 660.10
KRBE, 42.56966684, -99.56836134, 2349.08
KRBG, 43.23877774, -123.355861, 528.87
KRBL, 40.15065562, -122.2522916, 349.08
KRBM, 34.85008892, -92.30015293, 589.90
KRBO, 27.77854443, -97.69052491, 79.07
KRBW, 32.92081688, -80.64086929, 101.05
KRCA, 44.14499994, -103.1034999, 3279.86
KRCK, 30.63158903, -96.98970839, 474.08
KRCR, 41.06555577, -86.18169442, 790.03
KRCT, 43.9000167, -85.51671669, 1055.12
KRCX, 45.49683631, -91.00045547, 1237.86
KRDD, 40.50898332, -122.2934027, 501.97
KRDG, 40.37850022, -75.96525013, 344.16
KRDK, 41.01052791, -95.25986105, 1043.96
KRDM, 44.25406661, -121.149964, 3077.10
KRDR, 47.96126671, -97.40078867, 911.09
KRDU, 35.87763883, -78.78747225, 435.04
KRED, 45.1874445, -109.267378, 5763.12
KREO, 42.57766116, -117.8854305, 4053.15
KRFD, 42.1953639, -89.09721091, 742.13
KRFG, 28.29361673, -97.32304707, 56.10
KRGK, 44.58935548, -92.48496965, 779.86
KRHI, 45.63119452, -89.46747243, 1623.03
KRHP, 35.19500557, -83.86384159, 1696.85
KRHV, 37.33288609, -121.8197863, 132.87
KRI, -6.515764631, 144.8191483, 3666.01
KRIC, 37.50516672, -77.31966645, 166.99
KRID, 39.7572168, -84.84281927, 1140.09
KRIF, 38.73643611, -112.0989445, 5300.85
KRIL, 39.5263138, -107.72695, 5543.96
KRIR, 33.98973618, -117.4106026, 764.11
KRIU, 38.48677777, -121.1027777, 141.08
KRIV, 33.8805002, -117.2594999, 1535.10
KRIW, 43.06423634, -108.4598418, 5524.93
KRJD, 38.97011384, -75.8663249, 63.98
KRKD, 44.06008355, -69.09925014, 55.12
KRKP, 28.08677785, -97.04461098, 23.95
KRKR, 35.02162792, -94.62125257, 451.12
KRKS, 41.59421682, -109.0651917, 6759.84
KRKW, 35.92215579, -84.68952522, 1664.04
KRLD, 46.305639, -119.3041943, 394.03
KRME, 43.2337999, -75.4070279, 503.94
KRMG, 34.35060024, -85.15801415, 644.03
KRMN, 38.39809991, -77.45546937, 211.94
KRMY, 42.25118067, -84.95545283, 940.94
KRNC, 35.69870833, -85.84381655, 1032.15
KRND, 29.52890273, -98.27801406, 762.14
KRNH, 45.14831107, -92.53806129, 996.06
KRNM, 33.03915292, -116.9152527, 1393.04
KRNO, 39.49911118, -119.768111, 4415.03
KRNP, 42.9929724, -84.13891375, 735.89
KRNT, 47.4931391, -122.2157501, 32.15
KRNV, 33.7611419, -90.75787514, 140.09
KROA, 37.32546944, -79.97542754, 1174.87
KROC, 43.11886657, -77.67238319, 559.06
KROG, 36.37240849, -94.10698056, 1357.94
KROS, 45.70033349, -92.95238882, 924.87
KROW, 33.30155578, -104.5305558, 3670.93
KROX, 48.85600269, -95.69703341, 1059.06
KRPB, 39.81792223, -97.65962496, 1537.07
KRPD, 45.41896675, -91.77346677, 1106.96
KRPH, 33.11022241, -98.55527759, 1123.03
KRPJ, 41.89300284, -89.07828882, 780.84
KRPX, 46.47499736, -108.5433975, 3491.14
KRQB, 43.7226335, -85.50407231, 990.16
KRQE, 35.65205567, -109.0673889, 6742.13
KRRL, 45.19891664, -89.71285299, 1317.91
KRRQ, 43.45222224, -96.17977783, 1362.86
KRRT, 48.9413888, -95.3483887, 1074.15
KRSL, 38.87212236, -98.811775, 1861.88
KRSN, 32.51444444, -92.58833304, 311.02
KRST, 43.90722245, -92.49900296, 1316.93
KRSV, 39.01604164, -87.64977515, 461.94
KRSW, 26.53616667, -81.75516665, 29.86
KRTN, 36.74152773, -104.5021833, 6352.03
KRUE, 35.25914725, -93.09326649, 402.89
KRUG, 48.39035846, -100.0242747, 1547.90
KRUQ, 35.64588625, -80.52029461, 772.97
KRUT, 43.5299084, -72.94961393, 787.07
KRVJ, 32.05897216, -82.15172231, 194.88
KRVL, 40.67737509, -77.62682766, 818.90
KRVN, 36.45756964, -82.88502485, 1254.92
KRVS, 36.03962246, -95.98463327, 638.12
KRWF, 44.54720289, -95.08225545, 1022.97
KRWI, 35.85625291, -77.89193317, 159.12
KRWL, 41.80559736, -107.1999389, 6812.99
KRWN, 41.09226387, -86.61287248, 710.96
KRXE, 43.83391131, -111.8051058, 4857.94
KRYM, 46.08333349, -94.35033336, 1150.92
KRYN, 32.14221686, -111.1745779, 2416.99
KRYV, 43.16963341, -88.72321084, 833.01
KRYY, 34.01316661, -84.59856659, 1040.03
KRZL, 40.94788894, -87.18258351, 698.16
KRZN, 45.82272772, -92.3724997, 988.85
KRZT, 39.44042243, -83.02306116, 725.07
KRZZ, 36.43945567, -77.70934179, 255.91
KSAA, 41.44485835, -106.823528, 7012.14
KSAC, 38.51252798, -121.4934723, 23.95
KSAD, 32.85331406, -109.6349721, 3176.84
KSAF, 35.61710849, -106.0894221, 6348.10
KSAN, 32.73355577, -117.1896668, 15.09
KSAR, 38.14893913, -89.69871104, 538.06
KSAS, 33.24143071, -115.9525001, -84.97
KSAT, 29.5336945, -98.4697777, 809.06
KSAV, 32.1275834, -81.20213896, 49.87
KSAW, 46.35362506, -87.39535287, 1221.13
KSAZ, 46.38088066, -94.8066026, 1287.07
KSBA, 34.42621104, -119.8403724, 9.84
KSBD, 34.09535285, -117.234875, 1157.15
KSBM, 43.7695916, -87.8514415, 753.94
KSBN, 41.70866132, -86.31725013, 798.88
KSBO, 32.60824163, -82.36866385, 328.08
KSBP, 35.23683328, -120.6418611, 211.94
KSBS, 40.51625848, -106.8662998, 6877.95
KSBU, 43.59534457, -94.09284711, 1106.96
KSBX, 48.54125284, -111.8720721, 3442.91
KSBY, 38.34052496, -75.51028892, 51.84
KSCB, 41.61033355, -96.629861, 1325.13
KSCD, 33.17183342, -86.30552799, 568.90
KSCH, 42.85245549, -73.92886654, 377.95
KSCK, 37.89415576, -121.2383084, 34.12
KSCX, 36.45569444, -84.5857501, 1544.95
KSDA, 40.75161126, -95.41366652, 971.13
KSDF, 38.17438893, -85.73599979, 500.98
KSDL, 33.62255719, -111.9108877, 1509.84
KSDM, 32.57230572, -116.9802502, 525.92
KSDY, 47.70685852, -104.1925554, 1983.92
KSEA, 47.44899999, -122.3093055, 433.07
KSEE, 32.82623079, -116.9724499, 387.14
KSEF, 27.45640274, -81.34240016, 62.99
KSEG, 40.82053062, -76.86377496, 450.13
KSEM, 32.34394714, -86.98780283, 166.01
KSEP, 32.21532214, -98.17766681, 1320.87
KSER, 38.92355271, -85.90736657, 583.01
KSET, 38.92969463, -90.42997241, 436.02
KSEZ, 34.84862778, -111.7884614, 4830.05
KSFB, 28.77763879, -81.23748869, 55.12
KSFD, 43.3902166, -99.84208882, 2032.15
KSFF, 47.68281955, -117.3225586, 1953.08
KSFM, 43.39386106, -70.70799977, 244.09
KSFO, 37.61897218, -122.3748887, 13.12
KSFQ, 36.68235283, -76.60187244, 71.85
KSFY, 42.04583343, -90.10794416, 616.14
KSFZ, 41.92076404, -71.49138048, 440.94
KSGF, 37.24566668, -93.38862777, 1267.06
KSGH, 39.84028347, -83.84016126, 1050.85
KSGJ, 29.95924976, -81.33975014, 9.84
KSGR, 29.62225299, -95.65652758, 82.02
KSGS, 44.85713348, -93.03285286, 819.88
KSGT, 34.599525, -91.57495558, 224.08
KSGU, 37.09058337, -113.5930556, 2940.94
KSHD, 38.26384161, -78.89643341, 1201.12
KSHL, 43.20839435, -95.83343312, 1418.96
KSHN, 47.23355826, -123.1475553, 272.97
KSHR, 44.76919457, -106.9802776, 4021.00
KSHV, 32.4466278, -93.82559717, 257.87
KSIK, 36.89888623, -89.56174716, 314.96
KSIV, 39.11471408, -87.44833052, 540.03
KSIY, 41.7814501, -122.4681057, 2647.97
KSJC, 37.36262508, -121.9290085, 62.01
KSJN, 34.51855548, -109.37875, 5735.89
KSJT, 31.35776393, -100.4963055, 1918.96
KSJX, 45.69226407, -85.56661114, 668.96
KSKA, 47.61505824, -117.6557721, 2461.94
KSKF, 29.38423041, -98.58110279, 690.94
KSKI, 42.37914719, -94.97968599, 1250.00
KSKX, 36.45818889, -105.672428, 7090.88
KSKY, 41.43336106, -82.65233338, 580.05
KSLB, 42.59725001, -95.24066672, 1487.86
KSLC, 40.78838904, -111.9777721, 4227.03
KSLE, 44.90952775, -123.0025001, 213.91
KSLG, 36.1918556, -94.48999152, 1192.91
KSLH, 45.65371133, -84.519272, 641.08
KSLI, 33.79000012, -118.0520001, 35.10
KSLK, 44.38530576, -74.20619443, 1663.06
KSLN, 38.79096676, -97.65216932, 1288.06
KSLO, 38.64287227, -88.96418586, 573.16
KSLR, 33.15983355, -95.62113896, 488.85
KSMD, 41.14335291, -85.15277758, 833.99
KSME, 37.05339454, -84.6158722, 926.84
KSMF, 38.69541675, -121.5907779, 27.89
KSMN, 45.12378059, -113.8813332, 4042.98
KSMO, 34.01581664, -118.4513001, 174.87
KSMQ, 40.62599167, -74.67024431, 104.99
KSMS, 33.99569437, -80.36150023, 182.09
KSMX, 34.89891686, -120.4574445, 261.15
KSNA, 33.6756666, -117.8682223, 56.10
KSNC, 41.38390549, -72.5058943, 416.01
KSNH, 35.1703611, -88.21586922, 473.10
KSNK, 32.69338902, -100.9504665, 2430.12
KSNL, 35.35785288, -96.94282204, 1073.16
KSNS, 36.66279182, -121.6063611, 83.99
KSNY, 41.10133342, -102.9852779, 4312.99
KSOA, 30.58570013, -100.6485611, 2140.09
KSOP, 35.23735296, -79.39116955, 460.96
KSOW, 34.26547229, -110.0056668, 6415.03
KSOY, 43.13443612, -96.18751958, 1448.16
KSPA, 34.91572224, -81.95649996, 800.85
KSPB, 45.7725, -122.8623609, 58.07
KSPF, 44.48032234, -103.7829584, 3931.10
KSPG, 27.76511092, -82.6269722, 7.87
KSPH, 32.98316382, -93.41081098, 217.85
KSPI, 39.84409992, -89.67788905, 597.11
KSPS, 33.9887974, -98.49189431, 1019.03
KSPW, 43.16552796, -95.20280555, 1338.91
KSPX, 29.50836103, -95.05133316, 21.00
KSQI, 41.74284171, -89.67629179, 646.98
KSQL, 37.51185548, -122.2495249, 4.92
KSRB, 36.05593063, -85.53075001, 1024.93
KSRC, 35.21061134, -91.73753902, 264.11
KSRQ, 27.39545256, -82.55438894, 30.84
KSRR, 33.46285008, -105.5347502, 6813.98
KSSC, 33.9730002, -80.47283337, 242.13
KSSF, 29.33700845, -98.47114161, 577.10
KSSI, 31.15167204, -81.39389724, 19.03
KSSN, 42.71629717, -76.88327774, 646.98
KSSQ, 45.73138073, -91.92066103, 1231.96
KSTC, 45.54655574, -94.05987784, 1029.86
KSTE, 44.54513624, -89.53028351, 1109.91
KSTF, 33.43312215, -88.84860545, 332.02
KSTJ, 39.77194447, -94.90970537, 826.12
KSTK, 40.61533056, -103.2648499, 4038.06
KSTL, 38.7476863, -90.35998866, 604.00
KSTP, 44.93447229, -93.05999994, 705.05
KSTS, 38.50897774, -122.8128804, 125.00
KSUA, 27.18169425, -80.22108346, 18.04
KSUD, 35.78958325, -96.65566653, 900.92
KSUE, 44.84366108, -87.42154151, 724.08
KSUN, 43.50444451, -114.2961945, 5319.88
KSUS, 38.66211947, -90.65204456, 462.93
KSUT, 33.9292584, -78.0749917, 24.93
KSUU, 38.2626668, -121.9275002, 62.01
KSUW, 46.68971658, -92.09465548, 673.88
KSUX, 42.40261115, -96.38436109, 1098.10
KSVC, 32.63654731, -108.156386, 5445.87
KSVE, 40.37569463, -120.5726945, 4148.95
KSVH, 35.765264, -80.95673606, 964.90
KSVN, 32.01000005, -81.14566684, 42.98
KSWF, 41.5040946, -74.10483912, 491.14
KSWI, 33.62416115, -96.58613071, 745.08
KSWO, 36.16122242, -97.08569437, 1000.00
KSWT, 40.86473342, -97.10923344, 1504.92
KSWW, 32.46736396, -100.4665639, 2379.92
KSXL, 38.23163901, -80.87081954, 1819.88
KSYF, 39.76105571, -101.7959167, 3413.06
KSYI, 35.56010015, -86.44249454, 799.87
KSYN, 44.47552219, -93.0163224, 919.95
KSYR, 43.11118607, -76.10631108, 420.93
KSYV, 31.55851118, -83.89573351, 402.89
KSZL, 38.73029184, -93.54798898, 871.06
KSZP, 34.34716668, -119.0611665, 245.08
KSZT, 48.29954457, -116.5601362, 2130.91
KSZY, 35.20294994, -88.49836126, 609.91
KTAD, 37.2593778, -104.340675, 5762.14
KTAN, 41.87440272, -71.01664424, 42.98
KTAZ, 39.53418609, -89.32781115, 622.05
KTB, 55.67697555, -132.5328112, 0.00
KTBN, 37.7416306, -92.14073628, 1159.12
KTBR, 32.48273905, -81.7369388, 187.01
KTCC, 35.18277772, -103.603186, 4064.96
KTCL, 33.22062783, -87.61140257, 169.95
KTCM, 47.13768069, -122.4764751, 323.16
KTCS, 33.23694438, -107.2717501, 4850.07
KTCY, 37.68910825, -121.4418165, 192.91
KTDF, 36.2848917, -78.98422793, 609.91
KTDO, 46.47709183, -122.8068611, 375.00
KTDW, 35.16988065, -101.8258582, 3648.95
KTDZ, 41.56487245, -83.48226115, 622.05
KTEB, 40.85010298, -74.06083614, 8.86
KTEL, 38.0176973, -86.69093058, 659.12
KTEW, 42.56577227, -84.42321941, 918.96
KTEX, 37.95375846, -107.9084806, 9078.08
KTGC, 35.93245547, -88.84894162, 358.92
KTGI, 37.82513883, -75.99777773, 4.92
KTHA, 35.38009174, -86.24636114, 1083.01
KTHM, 47.57350009, -115.2806666, 2466.86
KTHP, 43.65828898, -108.2131554, 4591.86
KTHV, 39.91699465, -76.873025, 479.99
KTIF, 41.96216963, -100.569014, 2925.85
KTIK, 35.41473348, -97.38655016, 1291.01
KTIP, 40.29355835, -88.14238876, 736.88
KTIW, 47.26793077, -122.5781, 291.99
KTIX, 28.51480007, -80.7992278, 34.12
KTKC, 44.24911391, -95.60726121, 1339.90
KTKI, 33.1779445, -96.59052774, 584.97
KTKO, 39.80278887, -98.22116107, 1858.92
KTKV, 45.46913881, -89.80569452, 1485.89
KTKX, 36.22586131, -90.03664166, 262.14
KTLH, 30.39652795, -84.35033307, 81.04
KTLR, 36.15606386, -119.3265027, 271.00
KTMA, 31.4289806, -83.48854423, 354.99
KTMB, 25.64788878, -80.4327777, 7.87
KTNP, 34.13159721, -115.9458223, 1887.14
KTNT, 25.86180534, -80.89700013, 13.12
KTNU, 41.67443633, -93.02172482, 953.08
KTOA, 33.80339172, -118.3396111, 103.02
KTOB, 44.01821964, -92.83204168, 1305.12
KTOC, 34.59376395, -83.29579979, 994.09
KTOI, 31.86041661, -86.01213902, 397.97
KTOL, 41.58680555, -83.80783349, 684.06
KTOP, 39.06865854, -95.62248319, 880.91
KTOR, 42.0645472, -104.1527, 4205.05
KTPA, 27.97547221, -82.53325, 25.92
KTPF, 27.91557781, -82.4492611, 7.87
KTPH, 38.06020293, -117.0871527, 5425.85
KTPL, 31.15250018, -97.40777761, 682.09
KTQE, 41.76352792, -96.17794454, 1026.90
KTQH, 35.92891663, -95.00452772, 873.03
KTQK, 38.474278, -100.8849442, 2962.93
KTRI, 36.47521388, -82.40741953, 1519.03
KTRK, 39.32004187, -120.1395638, 5899.93
KTRL, 32.70917784, -96.26739174, 475.07
KTRM, 33.62666667, -116.1596529, -113.85
KTRX, 40.08351389, -93.5906361, 756.89
KTS, 65.33133075, -166.4657249, 35.10
KTSO, 40.56186944, -81.07748598, 1163.06
KTSP, 35.1350002, -118.4392221, 4000.98
KTTA, 35.5837388, -79.10076678, 247.05
KTTD, 45.54936133, -122.4012499, 39.04
KTTF, 41.93990562, -83.43468323, 616.14
KTTN, 40.27669162, -74.81346935, 212.93
KTUL, 36.19838912, -95.88811129, 676.84
KTUP, 34.26810857, -88.76989424, 346.13
KTUS, 32.11608309, -110.9410277, 2643.04
KTVB, 37.13244159, -92.08396107, 1220.14
KTVC, 44.74144444, -85.58223635, 624.02
KTVF, 48.06549434, -96.18337244, 1116.14
KTVI, 30.9015527, -83.8813363, 264.11
KTVK, 40.68390291, -92.90103346, 1027.89
KTVL, 38.89388077, -119.9953361, 6264.11
KTVR, 32.35160552, -91.02768883, 85.96
KTVY, 40.61227217, -112.3507722, 4317.91
KTWF, 42.4818027, -114.4877359, 4150.92
KTWM, 47.04924189, -91.74519986, 1080.05
KTXK, 33.45370844, -93.99101928, 390.09
KTYL, 34.45284169, -110.1148251, 5819.88
KTYQ, 40.03065024, -86.25143901, 921.92
KTYR, 32.35413887, -95.40238604, 543.96
KTYS, 35.81097219, -83.99402797, 980.97
KTZR, 39.9011666, -83.13690841, 904.86
KTZT, 41.87877774, -92.28456929, 771.00
KTZV, 36.72903903, -85.65238059, 1037.07
KUAO, 45.24713907, -122.7700554, 200.13
KUBE, 45.50596956, -91.98108628, 1241.14
KUBS, 33.46534185, -88.38034451, 187.99
KUBX, 38.06877796, -91.42885834, 1022.97
KUCA, 43.14511132, -75.38386121, 742.13
KUCP, 41.02533907, -80.41337237, 1071.85
KUCY, 36.38179187, -88.98542225, 334.97
KUDD, 33.74843895, -116.274814, 73.16
KUDG, 34.44919456, -79.89036128, 191.93
KUES, 43.04102786, -88.23705554, 911.09
KUGN, 42.4221611, -87.86790848, 727.03
KUIL, 47.93658335, -124.5626333, 193.90
KUIN, 39.94273346, -91.19456649, 769.03
KUIZ, 42.66389452, -82.96542496, 609.91
KUKF, 36.22284181, -81.09833881, 1305.12
KUKI, 39.12595857, -123.2008557, 613.85
KUKL, 38.3024862, -95.72515279, 1172.90
KUKT, 40.43521117, -75.38192779, 525.92
KULM, 44.31957219, -94.50230822, 1011.15
KULS, 37.60400578, -101.3735609, 3070.87
KUMP, 39.93516393, -86.04496971, 811.02
KUNI, 39.21189185, -82.22925291, 766.08
KUNO, 36.878425, -91.90267503, 1228.02
KUNU, 43.42658334, -88.70322213, 936.02
KUNV, 40.84927786, -77.84869462, 1238.85
KUOS, 35.20514466, -85.89814737, 1953.08
KUOX, 34.38431662, -89.53531131, 452.10
KUSE, 41.61013909, -84.12719429, 778.87
KUTA, 34.68104739, -90.34666121, 193.90
KUTS, 30.74688613, -95.58716655, 362.86
KUUU, 41.53243616, -71.28154993, 171.92
KUUV, 38.23348336, -91.16428614, 933.07
KUVA, 29.21133623, -99.74358335, 941.93
KUWL, 39.87585291, -85.32646939, 1087.93
KUYF, 39.93272781, -83.46200287, 1081.04
KUZA, 34.98783343, -81.05716646, 662.07
KV4, 60.30413143, -103.1168059, 1200.13
KVAD, 30.96783344, -83.19300011, 232.94
KVAY, 39.94289171, -74.84571934, 53.15
KVBG, 34.72966678, -120.5768332, 369.09
KVBT, 36.34571683, -94.21934456, 1295.93
KVBW, 38.36673886, -78.96033347, 1165.03
KVC, 55.11634726, -162.2662278, 154.86
KVCB, 38.37675288, -121.9624557, 113.85
KVCT, 28.85255557, -96.91848591, 115.16
KVCV, 34.59745299, -117.3829973, 2884.84
KVDF, 28.01398337, -82.3452808, 21.98
KVDI, 32.19305579, -82.37222225, 274.93
KVEL, 40.44090282, -109.5099194, 5277.89
KVER, 38.94673068, -92.68267214, 714.90
KVES, 40.20441681, -84.53191683, 1006.89
KVGT, 36.21250022, -115.1961114, 2205.05
KVHN, 31.05784468, -104.7838055, 3957.02
KVIH, 38.12743351, -91.76952213, 1147.97
KVIQ, 44.55812786, -90.51224694, 1236.88
KVIS, 36.31866675, -119.3928887, 294.95
KVJI, 36.68711107, -82.03334972, 2086.94
KVKS, 32.23931685, -90.92881456, 105.97
KVKX, 38.74864183, -76.95592225, 118.11
KVLA, 38.99146657, -89.16622236, 537.07
KVLD, 30.78249984, -83.27672213, 203.08
KVMR, 42.76528906, -96.93425551, 1146.98
KVNC, 27.07161102, -82.44033337, 18.04
KVNW, 40.86472236, -84.60944429, 785.10
KVNY, 34.20980573, -118.4899722, 801.84
KVOK, 43.93330023, -90.2667971, 912.07
KVPC, 34.12313886, -84.84869421, 758.86
KVPS, 30.48297219, -86.52539983, 86.94
KVPZ, 41.4539668, -87.00707227, 771.00
KVQQ, 30.21880847, -81.87704712, 81.04
KVRB, 27.65555542, -80.41794464, 23.95
KVSF, 43.34363066, -72.51731381, 577.10
KVTA, 40.02465852, -82.46181384, 883.86
KVTI, 42.21862502, -92.0259279, 845.14
KVTN, 42.85782225, -100.5475362, 2590.88
KVUJ, 35.41669451, -80.15079439, 608.92
KVUO, 45.62045295, -122.6564889, 27.89
KVVS, 39.95893601, -79.65712488, 1267.06
KVVV, 45.30566387, -96.42442212, 1100.07
KVWU, 48.15413062, -94.51689988, 1181.10
KVYS, 41.35186952, -89.15308312, 653.87
KWAL, 37.94019453, -75.46638876, 41.01
KWAY, 39.90007494, -80.13311684, 1064.96
KWBW, 41.29717223, -75.85120529, 544.95
KWDG, 36.37920287, -97.79111132, 1166.99
KWDR, 33.98287509, -83.66741404, 942.91
KWEA, 32.74629425, -97.6824443, 990.16
KWF, 55.29632282, -133.2433359, 0.00
KWHP, 34.25932501, -118.4134331, 1002.95
KWJF, 34.74104438, -118.2186364, 2348.10
KWK, 59.836725, -163.1403355, 0.00
KWLD, 37.16861118, -97.03752771, 1160.10
KWLW, 39.51635275, -122.2175109, 139.11
KWMC, 40.89661114, -117.8058891, 4308.07
KWP, 57.77010944, -153.5489479, 0.00
KWRB, 32.64014449, -83.59184995, 293.96
KWRI, 40.01558326, -74.59170833, 130.91
KWRL, 43.96571405, -107.9508305, 4227.03
KWST, 41.3496168, -71.80337772, 81.04
KWT, 60.79034183, -161.443689, 29.86
KWVI, 36.93573073, -121.7896195, 160.10
KWVL, 44.53325003, -69.67552766, 333.01
KWWD, 39.00850833, -74.90827516, 22.97
KWWR, 36.43670272, -99.52099979, 2187.99
KWYS, 44.68840007, -111.1176386, 6644.03
KXA, 55.53741384, -132.3975143, 0.00
KXBP, 33.17533337, -97.82838866, 852.03
KXMR, 28.46766662, -80.56683317, 9.84
KXNA, 36.28186952, -94.30681095, 1287.07
KXNO, 33.60000014, -81.08333319, 319.88
KXVG, 46.99016389, -94.20400277, 1333.99
KYIP, 42.23792218, -83.53041396, 715.88
KYKM, 46.56816959, -120.5440584, 1095.14
KYKN, 42.9166944, -97.38594443, 1306.10
KYNG, 41.2607361, -80.67909703, 1195.87
KYU, 64.87608075, -157.7272747, 134.84
KYUM, 32.65658341, -114.6059722, 215.88
KZ0C, 46.71305616, -120.3263891, 2180.12
KZ10, 47.0216671, -122.4461111, 396.98
KZ34, 32.06972212, -81.82111412, 149.93
KZEF, 36.28002517, -80.78606933, 1067.91
KZER, 40.70645023, -76.37314707, 1733.92
KZPH, 28.2281943, -82.15589449, 89.90
KZUN, 35.08322787, -108.7917776, 6454.07
KZZV, 39.94444739, -81.89209431, 899.93